2
3
5
7
10
11
13
14
15
16
17
18
19
20
21
22
25
27
28
29
31
32
34
35
37
38
39
40
43
44
45
46
50
51
52
53
54
55
56
57
58
59
60
61
62
63
64
67
68
69
70
71
72
74
75
76
77
78
79
80
81
82
84
86
87
88
89
91
92
93
94
95
98
99
100
103
104
105
108
109
112
113
114
117
118
123
126
127
128
130
131
132
133
134
137
141
142
143
144
147
149
150
153
157
158
159
161
162
167
168
170
174
175
177
179
180
181
182
184
185
186
189
192
193
194
195
196
198
201
204
205
211
212
213
214
215
216
217
218
219
220
223
224
225
228
230
231
232
233
234
235
236
237
238
239
240
241
244
245
247
248
252
253
254
257
258
259
260
262
263
265
266
267
268
272
273
274
275
276
277
278
279
283
284
285
289
290
293
294
295
297
298
299
300
301
302
303
305
308
309
311
313
314
322
323
324
325
329
331
333
334
338
339
340
341
342
343
344
345
347
348
349
351
352
353
354
355
356
359
360
362
363
365
366
367
372
373
374
375
376
377
378
379
380
384
392
394
398
399
401
402
403
404
406
408
409
410
413
415
418
421
422
423
424
427
428
429
430
431
432
433
435
436
438
439
440
442
443
444
445
446
447
448
449
459
460
465
468
469
471
472
473
475
476
481
482
488
489
491
492
494
498
499
500
501
505
508
511
512
513
515
517
520
522
523
525
526
528
531
532
536
538
540
546
547
548
549
555
559
560
562
563
564
565
566
568
569
570
571
572
573
576
577
579
583
585
588
589
592
593
594
595
597
598
602
603
604
607
608
609
610
612
613
614
615
617
618
622
623
624
625
626
628
630
632
633
634
635
636
639
640
641
643
644
645
647
648
651
652
653
654
655
657
659
660
661
662
663
668
669
672
673
674
677
678
679
682
683
684
685
686
687
688
689
694
695
696
697
698
699
700
701
702
703
704
706
707
710
712
713
716
717
718
719
720
722
723
724
725
726
728
729
731
732
733
734
736
737
738
739
740
741
742
743
744
745
746
748
749
753
754
755
756
758
759
761
762
763
764
765
766
767
768
769
770
771
773
775
781
782
783
784
785
786
788
789
791
792
793
799
800
803
804
805
806
811
812
813
815
819
820
821
822
823
824
825
826
827
828
835
836
837
839
840
845
846
848
850
853
854
855
865
866
867
871
872
873
875
876
878
880
881
883
886
891
892
893
899
900
902
908
909
913
914
915
919
920
921
922
923
924
928
929
930
931
932
934
935
938
941
943
944
945
946
947
948
950
951
952
953
954
955
956
957
958
959
960
961
962
963
964
966
967
969
973
974
975
976
978
979
980
985
986
989
990
991
992
993
994
995
996
997
998
999
1002
1004
1005
1007
1008
1009
1010
1011
1012
1013
1016
1017
1019
1020
1021
1024
1025
1028
1029
1030
1031
1032
1033
1034
1036
1037
1038
1039
1040
1041
1042
1043
1044
1045
1046
1047
1049
1050
1051
1054
1055
1056
1057
1058
1061
1064
1065
1066
1067
1070
1073
1074
1075
1082
1083
1084
1086
1087
1090
1092
1094
1095
1096
1097
1098
1100
1101
1104
1105
1108
1110
1111
1112
1113
1114
1116
1117
1118
1121
1122
1123
1130
1131
1132
1133
1134
1137
1138
1139
1140
1141
1142
1144
1146
1147
1148
1150
1151
1152
1153
1154
1156
1164
1166
1167
1168
1172
1173
1178
1179
1183
1184
1185
1186
1187
1189
1190
1192
1193
1194
1202
1203
1204
1205
1208
1209
1212
1214
1215
1216
1219
1220
1224
1226
1228
1229
1230
1234
1236
1238
1239
1240
1241
1243
1245
1246
1247
1248
1251
1252
1258
1259
1261
1262
1263
1264
1265
1272
1274
1277
1278
1279
1282
1285
1286
1287
1291
1292
1296
1301
1303
1304
1306
1307
1308
1309
1310
1311
1313
1314
1315
1316
1317
1318
1319
1322
1326
1328
1329
1331
1332
1336
1337
1340
1341
1348
1355
1356
1358
1359
1361
1362
1363
1366
1367
1372
1373
1374
1380
1382
1384
1386
1387
1393
1394
1395
1396
1397
1398
1399
1400
1402
1403
1407
1410
1412
1413
1414
1415
1416
1417
1419
1423
1424
1426
1428
1429
1430
1431
1432
1434
1436
1438
1439
1440
1441
1442
1444
1445
1450
1451
1453
1454
1455
1460
1461
1462
1463
1464
1465
1468
1469
1470
1471
1472
1473
1474
1476
1477
1481
1483
1484
1485
1487
1491
1493
1494
1496
1497
1498
1499
1501
1502
1505
1506
1507
1508
1509
1510
1511
1512
1519
1522
1523
1524
1526
1530
1536
1539
1540
1541
1542
1543
1544
1545
1547
1550
1552
1553
1554
1555
1556
1557
1562
1563
1564
1571
1572
1573
1574
1575
1576
1582
1583
1585
1588
1590
1592
1593
1597
1598
1599
1600
1605
1606
1609
1610
1611
1612
1613
1614
1615
1616
1617
1618
1619
1620
1622
1627
1628
1629
1630
1631
1632
1633
1634
1635
1636
1637
1638
1639
1640
1641
1642
1644
1646
1647
1650
1652
1653
1654
1655
1656
1657
1659
1660
1662
1663
1664
1671
1672
1675
1676
1677
1678
1679
1680
1681
1686
1687
1688
1689
1691
1692
1693
1696
1697
1698
1699
1702
1704
1705
1706
1708
1710
1713
1714
1715
1717
1720
1721
1722
1723
1724
1725
1726
1727
1728
1729
1731
1732
1733
1734
1735
1737
1739
1740
1743
1744
1745
1746
1750
1751
1754
1755
1756
1757
1758
1759
1760
1761
1765
1766
1768
1770
1772
1773
1774
1775
1776
1778
1779
1784
1785
1786
1787
1788
1789
1790
1791
1795
1797
1798
1799
1800
1801
1802
1803
1804
1805
1806
1807
1808
1809
1811
1812
1813
1814
1815
1816
1817
1818
1820
1823
1824
1827
1830
1831
1834
1838
1839
1840
1841
1842
1843
1845
1846
1856
1857
1861
1866
1867
1868
1870
1871
1874
1875
1876
1877
1878
1880
1881
1882
1883
1884
1893
1894
1895
1896
1897
1899
1900
1901
1902
1904
1905
1906
1907
1909
1910
1912
1913
1914
1915
1916
1917
1918
1919
1923
1924
1925
1926
1927
1928
1929
1930
1931
1932
1933
1936
1943
1944
1945
1946
1947
1948
1949
1950
1951
1953
1954
1955
1956
1957
1962
1963
1965
1966
1974
1981
1982
1983
1985
1986
1987
1988
1989
1995
1996
1997
1999
2000
2001
2002
2003
2004
2005
2007
2010
2011
2012
2013
2014
2015
2016
2018
2019
2020
2022
2023
2024
2028
2031
2032
2034
2036
2037
2038
2040
2042
2043
2044
2045
2046
2047
2052
2054
2057
2058
2059
2062
2063
2066
2067
2072
2073
2075
2076
2077
2078
2079
2080
2081
2082
2083
2086
2088
2089
2090
2091
2092
2093
2099
2101
2102
2103
2104
2105
2107
2108
2109
2110
2111
2112
2113
2117
2118
2120
2121
2122
2124
2125
2127
2128
2130
2131
2134
2135
2136
2137
2139
2143
2145
2146
2147
2150
2153
2155
2157
2169
2170
2174
2175
2178
2181
2186
2188
2192
2199
2201
2202
2204
2206
2207
2210
2211
2212
2213
2214
2216
2217
2219
2220
2225
2226
2228
2230
2231
2249
2250
2251
2252
2253
2256
2257
2258
2260
2261
2263
2265
2266
2268
2269
2271
2273
2274
2276
2277
2278
2279
2280
2281
2282
2286
2290
2294
2295
2300
2306
2307
2309
2310
2311
2312
2313
2314
2315
2316
2317
2318
2319
2320
2321
2325
2327
2329
2330
2331
2332
2333
2334
2335
2336
2338
2344
2345
2346
2347
2348
2349
2350
2354
2355
2356
2357
2358
2360
2361
2369
2370
2372
2374
2376
2377
2378
2379
2380
2381
2383
2384
2386
2389
2391
2392
2395
2397
2398
2399
2400
2401
2402
2404
2405
2406
2409
2411
2412
2413
2414
2416
2417
2421
2422
2424
2426
2427
2428
2429
2430
2431
2432
2434
2435
2436
2437
2438
2439
2440
2441
2442
2444
2445
2446
2447
2448
2450
2451
2453
2454
2455
2457
2458
2459
2460
2461
2462
2463
2469
2470
2471
2472
2473
2474
2476
2478
2479
2483
2484
2488
2489
2490
2491
2492
2493
2495
2496
2498
2499
2503
2505
2506
2507
2508
2509
2510
2511
2512
2517
2518
2519
2520
2523
2527
2530
2532
2538
2541
2542
2545
2548
2550
2552
2554
2555
2556
2557
2558
2559
2560
2561
2562
2563
2564
2570
2571
2573
2574
2577
2578
2580
2583
2585
2586
2588
2589
2591
2592
2593
2595
2597
2599
2601
2602
2603
2605
2606
2611
2612
2613
2614
2615
2618
2619
2620
2621
2623
2627
2628
2629
2631
2634
2635
2636
2637
2638
2641
2644
2645
2646
2647
2648
2650
2651
2652
2653
2655
2656
2657
2660
2661
2663
2668
2669
2671
2673
2675
2676
2677
2678
2679
2682
2683
2684
2685
2693
2694
2695
2696
2698
2700
2701
2703
2704
2708
2717
2719
2724
2725
2726
2727
2728
2729
2730
2734
2735
2736
2737
2738
2739
2741
2745
2748
2750
2751
2754
2755
2758
2759
2762
2765
2766
2767
2768
2769
2770
2771
2773
2774
2775
2779
2782
2785
2786
2787
2788
2789
2791
2792
2793
2794
2799
2800
2801
2802
2803
2806
2809
2810
2812
2813
2814
2817
2818
2819
2820
2821
2822
2823
2824
2826
2827
2829
2831
2832
2833
2834
2835
2838
2841
2842
2843
2844
2845
2846
2847
2857
2859
2860
2861
2862
2865
2866
2869
2870
2871
2872
2873
2874
2875
2876
2881
2882
2884
2887
2888
2889
2890
2891
2894
2895
2897
2898
2899
2900
2903
2904
2905
2906
2907
2908
2909
2910
2912
2913
2914
2915
2920
2921
2923
2925
2926
2929
2935
2937
2939
2942
2943
2944
2948
2949
2953
2954
2955
2956
2957
2958
2959
2962
2963
2967
2968
2970
2971
2972
2973
2975
2977
2979
2980
2983
2987
2989
2990
2992
2993
2994
2995
2997
2999
3000
3001
3002
3003
3004
3005
3006
3009
3010
3011
3013
3015
3016
3020
3021
3023
3025
3026
3029
3031
3032
3033
3034
3035
3036
3037
3038
3039
3040
3041
3042
3043
3044
3045
3046
3047
3048
3049
3055
3057
3058
3059
3060
3061
3064
3065
3066
3067
3068
3069
3071
3074
3075
3076
3077
3078
3083
3084
3085
3086
3087
3089
3092
3093
3094
3095
3101
3102
3103
3109
3112
3113
3114
3115
3116
3117
3118
3119
3120
3121
3122
3127
3128
3129
3130
3135
3138
3141
3142
3143
3144
3146
3147
3149
3151
3153
3154
3158
3159
3160
3161
3163
3164
3165
3167
3169
3171
3174
3175
3176
3178
3179
3180
3181
3182
3183
3184
3185
3186
3187
3188
3189
3190
3195
3196
3197
3198
3199
3200
3202
3206
3207
3208
3209
3210
3212
3213
3215
3216
3217
3218
3219
3220
3221
3223
3225
3226
3232
3234
3237
3238
3239
3242
3243
3244
3246
3250
3251
3252
3253
3254
3257
3258
3259
3260
3262
3265
3266
3269
3271
3272
3273
3274
3275
3278
3281
3282
3283
3284
3285
3289
3290
3292
3294
3297
3299
3300
3305
3306
3307
3308
3309
3310
3311
3312
3313
3317
3319
3320
3321
3322
3323
3324
3325
3327
3328
3329
3333
3334
3335
3336
3337
3339
3340
3342
3343
3344
3345
3349
3350
3351
3352
3355
3358
3360
3362
3363
3364
3365
3367
3369
3373
3376
3378
3379
3380
3381
3382
3383
3384
3385
3388
3390
3391
3392
3394
3395
3396
3397
3398
3399
3400
3401
3402
3405
3408
3409
3410
3411
3412
3413
3415
3416
3418
3419
3420
3423
3424
3426
3427
3429
3430
3431
3432
3434
3435
3436
3437
3439
3440
3444
3449
3450
3452
3455
3456
3457
3458
3459
3460
3461
3462
3463
3464
3465
3466
3468
3469
3471
3472
3473
3474
3476
3477
3478
3479
3480
3481
3482
3483
3484
3485
3486
3487
3488
3489
3490
3491
3492
3494
3495
3496
3498
3499
3501
3502
3503
3504
3507
3508
3509
3511
3512
3515
3517
3518
3519
3521
3522
3524
3525
3526
3527
3528
3529
3531
3532
3533
3534
3535
3536
3541
3542
3543
3544
3545
3548
3551
3552
3553
3554
3555
3559
3565
3566
3567
3568
3569
3573
3574
3575
3576
3577
3578
3579
3580
3581
3583
3584
3585
3589
3590
3591
3592
3593
3599
3600
3601
3603
3604
3605
3608
3611
3615
3617
3618
3619
3620
3622
3623
3624
3629
3630
3631
3632
3633
3634
3635
3636
3637
3638
3639
3640
3641
3642
3643
3644
3645
3648
3649
3650
3651
3652
3653
3654
3655
3656
3657
3658
3659
3660
3662
3663
3664
3666
3667
3669
3670
3671
3672
3673
3675
3676
3680
3681
3683
3684
3688
3689
3690
3696
3698
3699
3700
3702
3703
3704
3708
3709
3711
3712
3713
3714
3715
3717
3719
3720
3721
3722
3723
3724
3726
3731
3734
3735
3736
3737
3739
3740
3741
3742
3743
3744
3745
3746
3747
3749
3753
3756
3757
3758
3759
3771
3772
3775
3776
3777
3778
3779
3780
3781
3782
3783
3785
3788
3789
3790
3794
3797
3798
3799
3801
3802
3803
3804
3805
3806
3814
3815
3816
3819
3820
3821
3822
3829
3830
3831
3832
3833
3834
3835
3836
3837
3839
3840
3841
3842
3846
3847
3850
3851
3852
3853
3854
3860
3861
3862
3863
3864
3866
3867
3868
3869
3871
3872
3873
3877
3879
3880
3881
3882
3884
3886
3887
3888
3889
3890
3894
3895
3896
3897
3898
3899
3900
3901
3902
3903
3905
3906
3909
3910
3911
3914
3916
3919
3921
3923
3924
3925
3929
3930
3931
3932
3933
3935
3936
3937
3938
3940
3941
3942
3943
3945
3946
3947
3948
3950
3951
3952
3954
3955
3956
3957
3958
3959
3960
3961
3964
3967
3968
3969
3972
3973
3974
3976
3977
3979
3980
3981
3982
3983
3984
3986
3988
3989
3990
3991
3993
3994
3997
3999
4001
4002
4003
4004
4008
4009
4010
4011
4012
4013
4014
4015
4018
4022
4023
4028
4029
4032
4033
4034
4037
4039
4040
4041
4042
4043
4045
4046
4050
4051
4052
4053
4056
4059
4060
4062
4066
4067
4069
4070
4071
4072
4073
4075
4077
4078
4079
4080
4082
4083
4085
4086
4089
4090
4091
4093
4095
4096
4100
4101
4102
4103
4104
4106
4107
4108
4109
4110
4111
4112
4113
4114
4121
4123
4125
4126
4129
4134
4135
4137
4138
4140
4141
4142
4143
4144
4145
4148
4149
4150
4156
4159
4160
4161
4162
4163
4164
4165
4166
4167
4168
4169
4171
4174
4175
4176
4177
4178
4179
4180
4181
4184
4186
4187
4189
4190
4191
4194
4196
4197
4198
4200
4203
4204
4205
4206
4207
4208
4209
4210
4211
4212
4213
4217
4218
4220
4221
4225
4226
4227
4228
4229
4231
4232
4235
4236
4240
4241
4242
4243
4244
4246
4247
4249
4250
4252
4253
4258
4259
4260
4261
4262
4263
4264
4265
4266
4267
4268
4269
4270
4271
4272
4274
4275
4277
4279
4280
4283
4284
4285
4287
4288
4289
4290
4291
4292
4294
4295
4297
4298
4300
4304
4305
4306
4307
4308
4309
4311
4312
4314
4315
4316
4317
4318
4319
4320
4322
4324
4325
4326
4327
4328
4329
4330
4333
4334
4335
4336
4340
4341
4343
4344
4348
4349
4350
4351
4353
4354
4355
4356
4361
4362
4364
4365
4368
4370
4375
4378
4379
4380
4381
4382
4383
4385
4386
4387
4391
4392
4396
4397
4398
4399
4400
4401
4408
4409
4410
4411
4412
4413
4414
4415
4416
4418
4424
4425
4428
4429
4430
4431
4433
4435
4436
4437
4440
4441
4442
4445
4446
4447
4451
4452
4453
4454
4455
4457
4460
4461
4465
4466
4467
4468
4472
4474
4477
4478
4479
4490
4491
4492
4494
4495
4496
4497
4499
4501
4502
4503
4505
4506
4507
4508
4509
4510
4511
4512
4513
4514
4517
4520
4521
4523
4526
4528
4529
4530
4531
4536
4537
4538
4539
4540
4541
4542
4543
4544
4546
4548
4551
4552
4555
4556
4557
4559
4560
4562
4564
4565
4568
4573
4574
4577
4578
4581
4584
4588
4589
4590
4593
4594
4595
4596
4597
4599
4600
4601
4602
4606
4608
4609
4610
4611
4612
4613
4614
4615
4617
4618
4619
4620
4621
4622
4623
4627
4629
4631
4633
4634
4638
4639
4640
4641
4643
4644
4646
4647
4648
4649
4650
4651
4656
4657
4658
4659
4660
4661
4663
4668
4670
4672
4673
4674
4675
4677
4679
4680
4681
4682
4683
4685
4686
4689
4690
4691
4692
4694
4695
4696
4706
4707
4708
4713
4716
4717
4718
4719
4720
4725
4727
4728
4729
4730
4731
4732
4733
4734
4735
4738
4739
4740
4741
4745
4746
4747
4748
4749
4750
4751
4753
4754
4757
4759
4760
4762
4763
4765
4766
4767
4768
4769
4770
4776
4777
4779
4781
4782
4783
4784
4785
4787
4788
4790
4791
4793
4794
4795
4796
4797
4798
4801
4803
4806
4807
4808
4810
4812
4813
4814
4815
4816
4817
4818
4819
4820
4821
4822
4825
4832
4835
4836
4838
4839
4840
4841
4844
4845
4846
4848
4849
4852
4853
4854
4856
4857
4858
4859
4862
4864
4870
4879
4880
4882
4884
4885
4887
4888
4889
4890
4891
4892
4893
4894
4895
4896
4897
4900
4901
4902
4904
4905
4908
4909
4910
4913
4914
4916
4918
4921
4924
4926
4929
4930
4932
4933
4935
4936
4937
4946
4947
4948
4949
4950
4951
4954
4955
4958
4959
4960
4962
4964
4966
4967
4969
4971
4972
4973
4974
4977
4978
4982
4983
4984
4987
4988
4990
4991
4992
4993
4996
4998
4999
5000
5002
5003
5004
5008
5009
5010
5011
5012
5013
5014
5015
5016
5017
5018
5020
5021
5022
5023
5024
5026
5027
5028
5029
5030
5031
5032
5033
5034
5035
5036
5039
5045
5059
5062
5063
5064
5065
5067
5070
5072
5074
5075
5076
5077
5078
5079
5082
5084
5085
5086
5092
5093
5095
5096
5098
5099
5101
5102
5103
5104
5106
5107
5108
5110
5111
5112
5113
5117
5118
5119
5122
5123
5128
5132
5133
5134
5138
5141
5142
5143
5146
5147
5148
5149
5150
5151
5152
5153
5154
5155
5156
5158
5159
5162
5165
5166
5167
5168
5186
5189
5195
5200
5203
5204
5205
5206
5208
5209
5212
5213
5214
5215
5216
5219
5220
5224
5225
5227
5229
5230
5231
5232
5233
5234
5235
5236
5239
5240
5241
5242
5243
5245
5246
5247
5248
5250
5251
5252
5253
5256
5257
5258
5259
5260
5261
5262
5265
5266
5270
5271
5273
5275
5276
5277
5278
5280
5281
5282
5283
5284
5285
5286
5289
5290
5292
5293
5294
5297
5299
5300
5302
5303
5304
5305
5306
5307
5308
5309
5310
5311
5312
5314
5315
5316
5317
5319
5320
5322
5324
5328
5329
5330
5333
5336
5339
5340
5341
5342
5343
5344
5345
5346
5347
5348
5349
5350
5351
5353
5354
5356
5360
5361
5362
5363
5364
5365
5366
5367
5368
5369
5370
5371
5372
5374
5375
5376
5377
5378
5380
5383
5389
5390
5393
5394
5395
5400
5402
5403
5405
5406
5407
5409
5412
5413
5415
5416
5417
5418
5419
5420
5424
5425
5427
5428
5429
5431
5435
5438
5440
5441
5442
5443
5444
5445
5446
5447
5448
5450
5451
5452
5453
5454
5456
5457
5460
5461
5462
5465
5468
5469
5470
5471
5473
5474
5475
5476
5477
5487
5488
5490
5491
5492
5493
5495
5496
5498
5499
5502
5504
5505
5506
5507
5508
5509
5510
5511
5514
5515
5516
5517
5518
5519
5520
5521
5523
5524
5525
5529
5530
5531
5532
5534
5535
5536
5539
5540
5541
5542
5543
5544
5545
5546
5547
5548
5549
5550
5551
5552
5553
5556
5560
5561
5562
5564
5565
5566
5568
5569
5570
5572
5573
5574
5575
5576
5579
5581
5585
5586
5588
5589
5591
5593
5594
5595
5596
5598
5599
5601
5602
5607
5609
5610
5611
5612
5614
5615
5618
5619
5620
5621
5622
5623
5626
5627
5628
5629
5631
5637
5643
5645
5646
5648
5649
5651
5652
5653
5654
5655
5656
5657
5659
5661
5665
5667
5671
5672
5676
5677
5678
5679
5681
5683
5688
5695
5698
5700
5702
5703
5704
5706
5709
5710
5713
5716
5717
5718
5719
5720
5723
5725
5726
5727
5728
5729
5734
5735
5736
5740
5744
5746
5747
5748
5749
5751
5752
5753
5754
5755
5757
5758
5759
5760
5761
5764
5768
5769
5770
5774
5776
5777
5778
5780
5781
5782
5785
5786
5792
5796
5797
5798
5799
5800
5801
5802
5803
5804
5806
5807
5808
5809
5810
5811
5812
5813
5814
5815
5816
5817
5818
5822
5823
5826
5827
5828
5839
5841
5843
5851
5852
5854
5855
5856
5858
5859
5860
5861
5864
5865
5866
5867
5868
5869
5870
5872
5873
5874
5875
5878
5879
5880
5881
5883
5884
5886
5887
5889
5890
5891
5892
5893
5894
5895
5897
5898
5899
5902
5905
5907
5908
5911
5914
5915
5922
5924
5928
5929
5930
5931
5932
5933
5934
5935
5936
5941
5943
5944
5945
5947
5948
5949
5950
5953
5954
5955
5956
5959
5960
5961
5964
5965
5967
5969
5973
5974
5975
5979
5981
5984
5985
5986
5987
5989
5990
5996
5998
6002
6003
6006
6012
6013
6017
6018
6020
6022
6023
6025
6027
6028
6029
6030
6031
6032
6033
6034
6036
6038
6041
6042
6043
6045
6046
6047
6049
6050
6053
6054
6057
6058
6062
6063
6066
6067
6068
6071
6072
6074
6075
6078
6079
6082
6083
6084
6085
6086
6087
6088
6089
6090
6092
6093
6094
6097
6098
6099
6100
6101
6102
6103
6104
6105
6108
6109
6110
6115
6116
6117
6118
6119
6120
6121
6124
6125
6127
6129
6130
6131
6132
6134
6135
6136
6137
6138
6139
6140
6141
6143
6144
6146
6147
6148
6149
6150
6151
6153
6154
6155
6156
6157
6158
6159
6160
6161
6162
6163
6164
6167
6168
6169
6170
6171
6172
6174
6175
6176
6177
6178
6179
6180
6181
6183
6186
6187
6189
6190
6191
6198
6205
6208
6209
6215
6216
6217
6219
6221
6222
6223
6225
6227
6228
6229
6230
6231
6234
6235
6236
6239
6240
6241
6242
6245
6246
6247
6248
6249
6252
6253
6254
6255
6256
6257
6259
6260
6261
6264
6265
6266
6267
6270
6271
6272
6273
6275
6276
6277
6278
6279
6281
6282
6283
6284
6285
6286
6287
6288
6289
6292
6293
6294
6295
6296
6297
6298
6299
6300
6303
6304
6305
6306
6307
6308
6309
6310
6311
6312
6313
6315
6317
6319
6320
6322
6325
6326
6328
6329
6330
6331
6332
6336
6338
6339
6340
6343
6345
6346
6347
6348
6351
6353
6354
6355
6357
6358
6359
6360
6361
6363
6364
6365
6366
6367
6368
6369
6370
6373
6374
6375
6376
6378
6380
6383
6386
6389
6391
6392
6393
6397
6398
6399
6402
6404
6405
6406
6408
6409
6410
6411
6412
6414
6415
6419
6420
6421
6422
6423
6426
6430
6431
6432
6434
6435
6436
6437
6438
6440
6441
6446
6449
6450
6454
6456
6457
6459
6460
6461
6462
6463
6464
6465
6466
6467
6468
6471
6472
6474
6479
6480
6481
6482
6483
6484
6485
6486
6488
6489
6490
6491
6492
6493
6494
6495
6497
6498
6500
6503
6504
6506
6507
6509
6511
6513
6519
6520
6521
6522
6523
6524
6525
6526
6527
6531
6534
6536
6537
6538
6539
6543
6547
6548
6550
6551
6552
6553
6555
6556
6557
6561
6562
6564
6565
6566
6568
6569
6571
6573
6574
6576
6577
6578
6581
6583
6584
6585
6588
6589
6590
6591
6594
6595
6596
6599
6600
6602
6603
6607
6608
6609
6611
6612
6613
6614
6615
6617
6621
6622
6624
6627
6628
6629
6637
6638
6642
6644
6645
6647
6648
6649
6653
6654
6655
6657
6658
6659
6660
6661
6662
6663
6664
6665
6666
6670
6671
6672
6673
6674
6678
6681
6682
6683
6685
6686
6689
6691
6696
6698
6699
6700
6701
6704
6705
6706
6707
6710
6711
6712
6713
6719
6720
6721
6722
6723
6725
6728
6729
6731
6736
6737
6738
6739
6740
6741
6745
6748
6749
6751
6754
6755
6756
6759
6761
6766
6770
6778
6779
6780
6781
6782
6783
6784
6787
6789
6793
6794
6795
6796
6797
6798
6800
6801
6804
6806
6808
6809
6810
6813
6816
6817
6818
6819
6820
6821
6822
6823
6826
6827
6828
6831
6832
6833
6834
6835
6836
6839
6840
6842
6846
6847
6848
6852
6853
6855
6856
6857
6858
6859
6860
6862
6865
6866
6871
6872
6874
6877
6878
6879
6882
6883
6886
6888
6889
6890
6891
6892
6894
6898
6899
6901
6902
6903
6905
6909
6911
6912
6915
6918
6921
6923
6925
6926
6927
6935
6936
6937
6939
6942
6943
6945
6948
6949
6950
6952
6953
6954
6960
6963
6964
6966
6969
6973
6977
6978
6979
6980
6981
6982
6983
6985
6988
6989
6990
6991
6992
6993
6998
6999
7000
7001
7002
7003
7004
7005
7007
7008
7009
7010
7011
7012
7015
7016
7018
7020
7021
7023
7024
7025
7026
7027
7028
7029
7030
7031
7032
7033
7035
7036
7040
7042
7043
7044
7045
7046
7047
7050
7055
7056
7057
7059
7060
7061
7062
7065
7066
7067
7068
7069
7070
7071
7075
7077
7078
7080
7084
7085
7088
7089
7090
7091
7095
7099
7100
7101
7102
7103
7104
7108
7109
7110
7111
7114
7115
7117
7119
7120
7121
7122
7124
7126
7127
7131
7134
7137
7138
7139
7141
7147
7148
7149
7150
7151
7152
7154
7155
7160
7162
7165
7168
7177
7178
7179
7180
7181
7182
7183
7184
7187
7188
7189
7190
7191
7195
7200
7201
7202
7205
7206
7207
7215
7217
7218
7220
7221
7222
7223
7224
7226
7228
7229
7230
7231
7232
7233
7234
7235
7237
7238
7239
7240
7241
7242
7243
7245
7246
7249
7250
7251
7252
7253
7256
7257
7258
7259
7261
7265
7268
7269
7270
7271
7272
7277
7279
7280
7281
7291
7292
7293
7294
7295
7296
7297
7298
7299
7305
7306
7307
7308
7309
7310
7312
7315
7316
7319
7322
7325
7327
7328
7329
7331
7333
7335
7336
7338
7339
7341
7342
7344
7345
7346
7347
7348
7349
7350
7352
7353
7354
7356
7357
7359
7360
7361
7364
7365
7366
7369
7370
7371
7375
7376
7381
7385
7386
7387
7388
7389
7391
7392
7394
7397
7398
7399
7400
7403
7405
7406
7407
7409
7410
7413
7414
7422
7424
7427
7433
7438
7443
7444
7445
7446
7447
7448
7449
7450
7451
7453
7454
7455
7456
7457
7458
7459
7460
7464
7466
7469
7470
7471
7472
7473
7474
7475
7476
7477
7479
7480
7481
7482
7484
7486
7487
7493
7494
7495
7496
7497
7500
7501
7502
7507
7513
7514
7515
7517
7518
7519
7520
7521
7522
7523
7526
7528
7531
7532
7533
7534
7535
7545
7547
7549
7551
7553
7554
7555
7556
7560
7561
7562
7563
7572
7573
7574
7575
7578
7580
7581
7583
7586
7587
7588
7589
7590
7591
7593
7595
7596
7597
7603
7604
7605
7606
7608
7609
7610
7611
7612
7613
7614
7615
7616
7617
7618
7619
7620
7621
7622
7623
7632
7634
7635
7637
7638
7639
7640
7641
7642
7647
7649
7650
7651
7655
7656
7657
7658
7659
7660
7661
7665
7666
7669
7671
7672
7674
7675
7678
7679
7681
7682
7683
7684
7685
7686
7691
7693
7695
7697
7698
7699
7700
7701
7704
7709
7710
7714
7715
7716
7717
7718
7721
7725
7726
7730
7731
7732
7733
7734
7735
7737
7739
7744
7745
7748
7749
7750
7752
7753
7754
7755
7759
7760
7761
7762
7764
7770
7771
7772
7774
7776
7777
7778
7779
7780
7781
7782
7783
7785
7786
7787
7794
7796
7797
7798
7799
7801
7802
7806
7807
7808
7809
7810
7811
7812
7814
7816
7820
7821
7823
7824
7829
7832
7836
7837
7838
7839
7840
7841
7844
7845
7848
7849
7850
7852
7853
7855
7861
7866
7867
7869
7870
7872
7874
7875
7881
7882
7883
7888
7889
7890
7891
7892
7893
7894
7895
7896
7898
7899
7900
7901
7902
7904
7905
7908
7909
7910
7911
7913
7914
7918
7919
7920
7921
7924
7928
7929
7933
7935
7937
7938
7939
7944
7945
7947
7948
7949
7952
7954
7957
7959
7960
7961
7968
7969
7974
7975
7976
7979
7980
7981
7982
7984
7986
7987
7988
7989
7990
7991
7992
7993
7994
7995
7996
7997
7998
7999
8000
8001
8002
8003
8005
8009
8010
8012
8013
8016
8018
8021
8023
8024
8025
8026
8028
8029
8030
8032
8033
8034
8037
8040
8041
8046
8050
8051
8052
8053
8054
8056
8057
8058
8059
8061
8063
8064
8065
8068
8069
8070
8071
8072
8073
8076
8078
8081
8082
8083
8084
8085
8086
8087
8088
8089
8090
8092
8098
8101
8107
8109
8110
8111
8112
8115
8116
8117
8118
8119
8126
8127
8128
8129
8130
8131
8132
8133
8134
8135
8136
8137
8140
8141
8142
8144
8145
8146
8147
8148
8149
8150
8151
8152
8153
8154
8156
8158
8162
8163
8164
8165
8166
8167
8168
8169
8171
8172
8173
8174
8175
8176
8177
8178
8179
8180
8181
8182
8183
8185
8186
8187
8188
8189
8190
8191
8194
8197
8198
8200
8202
8203
8204
8205
8206
8207
8210
8211
8218
8219
8221
8223
8224
8225
8226
8227
8228
8229
8230
8231
8232
8233
8234
8235
8236
8237
8238
8241
8242
8243
8244
8245
8246
8248
8249
8250
8251
8252
8253
8258
8265
8272
8277
8278
8283
8284
8286
8287
8289
8292
8293
8294
8295
8296
8299
8301
8303
8304
8305
8306
8307
8309
8312
8313
8314
8315
8316
8319
8320
8322
8324
8325
8327
8328
8329
8330
8331
8332
8333
8334
8335
8336
8337
8338
8339
8340
8342
8344
8345
8346
8347
8348
8349
8350
8351
8352
8357
8358
8359
8360
8362
8365
8369
8370
8371
8372
8373
8375
8377
8379
8380
8383
8386
8387
8388
8390
8391
8394
8395
8399
8400
8404
8406
8408
8409
8410
8411
8412
8413
8414
8415
8416
8417
8418
8422
8424
8425
8426
8427
8428
8430
8431
8432
8433
8434
8437
8438
8439
8440
8441
8446
8447
8448
8449
8450
8451
8452
8453
8454
8455
8460
8461
8462
8463
8465
8466
8467
8468
8469
8470
8471
8474
8476
8477
8481
8482
8484
8485
8486
8487
8488
8490
8491
8497
8498
8499
8502
8503
8505
8506
8507
8508
8510
8512
8513
8514
8516
8518
8519
8520
8521
8522
8530
8531
8532
8533
8534
8535
8536
8537
8538
8539
8540
8541
8544
8545
8547
8548
8550
8552
8553
8554
8555
8556
8557
8559
8560
8562
8563
8564
8565
8568
8570
8573
8576
8577
8581
8582
8583
8584
8585
8586
8587
8588
8589
8591
8592
8595
8596
8597
8599
8600
8601
8602
8603
8605
8606
8612
8614
8615
8617
8618
8621
8625
8626
8627
8632
8633
8635
8636
8637
8638
8644
8645
8646
8648
8649
8650
8651
8652
8653
8654
8655
8656
8657
8659
8660
8661
8663
8666
8668
8669
8671
8672
8673
8675
8676
8677
8678
8679
8680
8681
8683
8684
8685
8686
8687
8688
8693
8695
8696
8698
8699
8700
8704
8707
8708
8718
8719
8721
8722
8723
8727
8729
8730
8731
8733
8734
8737
8742
8744
8750
8751
8754
8755
8756
8757
8759
8760
8761
8762
8764
8765
8766
8767
8768
8770
8771
8772
8774
8776
8778
8779
8780
8781
8782
8784
8787
8788
8789
8790
8791
8792
8793
8794
8796
8798
8800
8801
8802
8803
8804
8805
8806
8807
8811
8812
8815
8819
8821
8829
8830
8833
8834
8836
8837
8841
8842
8845
8846
8847
8849
8850
8851
8854
8862
8863
8869
8870
8872
8873
8876
8877
8886
8889
8890
8891
8894
8896
8897
8898
8900
8901
8902
8903
8904
8905
8907
8908
8909
8912
8921
8922
8923
8924
8925
8929
8930
8931
8933
8934
8938
8939
8941
8943
8944
8945
8949
8950
8951
8952
8956
8958
8959
8960
8963
8964
8967
8968
8969
8970
8971
8975
8978
8979
8980
8981
8982
8983
8984
8985
8986
8989
8990
8992
8993
8994
8996
8997
8998
8999
9001
9002
9003
9004
9005
9006
9009
9015
9016
9017
9018
9019
9020
9022
9030
9031
9034
9039
9040
9041
9042
9043
9046
9047
9049
9050
9051
9052
9056
9059
9063
9065
9066
9067
9068
9069
9070
9071
9072
9073
9075
9076
9077
9078
9079
9080
9082
9083
9084
9085
9086
9087
9088
9089
9090
9091
9095
9097
9098
9099
9100
9101
9102
9103
9104
9108
9109
9121
9127
9128
9133
9135
9136
9138
9139
9145
9146
9149
9151
9152
9154
9156
9157
9160
9161
9166
9167
9170
9171
9172
9173
9178
9179
9180
9185
9186
9187
9192
9193
9194
9195
9196
9198
9201
9202
9203
9205
9208
9209
9211
9212
9213
9216
9218
9219
9220
9221
9222
9223
9226
9227
9232
9237
9240
9241
9243
9244
9249
9251
9252
9253
9254
9255
9256
9257
9258
9260
9261
9264
9265
9266
9267
9268
9271
9273
9274
9277
9278
9279
9280
9281
9282
9283
9284
9285
9288
9289
9290
9292
9303
9304
9307
9308
9309
9318
9320
9321
9325
9326
9327
9332
9334
9335
9337
9338
9341
9344
9345
9346
9347
9348
9349
9350
9357
9359
9360
9361
9364
9365
9366
9368
9369
9372
9374
9375
9378
9382
9383
9384
9385
9386
9388
9390
9391
9392
9393
9396
9399
9400
9402
9403
9404
9405
9406
9407
9408
9412
9413
9415
9422
9424
9425
9426
9432
9435
9436
9439
9440
9442
9450
9451
9453
9454
9455
9459
9460
9461
9462
9463
9464
9465
9467
9468
9469
9471
9479
9482
9483
9484
9486
9489
9492
9494
9496
9502
9506
9514
9515
9516
9517
9519
9521
9523
9524
9525
9526
9527
9528
9529
9530
9532
9533
9534
9535
9536
9537
9541
9542
9543
9544
9545
9546
9547
9548
9549
9550
9551
9555
9557
9558
9559
9564
9565
9566
9568
9569
9570
9571
9572
9573
9576
9578
9579
9581
9582
9585
9586
9587
9588
9594
9598
9602
9604
9605
9606
9607
9608
9609
9610
9611
9612
9613
9614
9616
9617
9618
9626
9628
9629
9630
9631
9632
9635
9636
9637
9639
9642
9643
9644
9645
9646
9647
9649
9650
9652
9654
9655
9656
9657
9659
9662
9663
9664
9665
9666
9667
9669
9670
9672
9678
9679
9680
9682
9685
9686
9687
9689
9691
9692
9693
9694
9701
9703
9705
9706
9709
9710
9711
9712
9713
9720
9724
9725
9726
9729
9730
9731
9732
9733
9734
9735
9737
9740
9741
9742
9745
9746
9748
9749
9750
9752
9754
9757
9759
9760
9761
9762
9763
9765
9766
9768
9770
9771
9772
9778
9779
9780
9781
9782
9783
9784
9785
9786
9788
9789
9794
9795
9799
9800
9801
9802
9804
9806
9807
9808
9810
9812
9813
9816
9821
9822
9825
9826
9827
9828
9829
9831
9833
9834
9836
9840
9841
9842
9843
9844
9845
9846
9847
9850
9851
9854
9855
9856
9857
9859
9860
9861
9862
9863
9864
9865
9866
9867
9869
9874
9875
9878
9880
9881
9882
9883
9884
9888
9889
9890
9891
9892
9893
9894
9895
9896
9897
9898
9899
9900
9901
9902
9903
9904
9905
9906
9908
9910
9913
9914
9917
9918
9919
9921
9922
9923
9924
9925
9926
9928
9929
9931
9932
9933
9936
9937
9945
9947
9948
9951
9953
9954
9961
9964
9965
9966
9967
9968
9970
9971
9976
9983
9984
9986
9987
9988
9989
9990
9991
9992
9993
9997
9998
10003
10006
10007
10008
10012
10018
10019
10021
10022
10026
10028
10029
10030
10035
10038
10039
10041
10042
10043
10045
10046
10048
10049
10050
10051
10052
10054
10055
10056
10058
10059
10060
10063
10064
10069
10073
10074
10075
10076
10077
10078
10079
10080
10082
10084
10085
10088
10089
10090
10091
10092
10093
10094
10095
10097
10098
10099
10101
10103
10105
10106
10107
10109
10110
10111
10112
10114
10115
10116
10118
10119
10120
10121
10122
10124
10128
10129
10130
10131
10132
10133
10136
10137
10138
10139
10140
10145
10149
10151
10152
10153
10155
10156
10157
10158
10160
10161
10162
10163
10164
10165
10166
10167
10168
10169
10170
10174
10176
10177
10179
10180
10181
10182
10183
10184
10186
10187
10191
10192
10193
10194
10196
10197
10202
10203
10210
10215
10218
10219
10223
10225
10226
10227
10228
10229
10233
10235
10236
10237
10238
10240
10245
10246
10248
10250
10253
10257
10258
10260
10261
10263
10264
10265
10268
10269
10270
10272
10274
10275
10276
10280
10286
10288
10289
10292
10296
10298
10303
10304
10307
10308
10309
10310
10313
10317
10320
10322
10325
10327
10328
10329
10337
10339
10341
10343
10344
10346
10347
10348
10349
10350
10351
10352
10353
10354
10356
10358
10362
10363
10364
10367
10368
10369
10370
10372
10376
10380
10382
10385
10386
10389
10390
10394
10396
10397
10398
10399
10401
10402
10407
10410
10411
10412
10413
10415
10417
10419
10420
10421
10422
10423
10424
10425
10426
10427
10428
10429
10430
10431
10434
10435
10436
10442
10443
10444
10445
10446
10447
10448
10449
10450
10451
10452
10455
10458
10459
10460
10461
10462
10463
10464
10465
10466
10468
10469
10471
10472
10473
10474
10482
10483
10485
10487
10488
10489
10490
10491
10492
10493
10494
10495
10496
10499
10500
10501
10502
10504
10505
10506
10507
10508
10511
10512
10514
10515
10516
10517
10518
10523
10525
10526
10528
10529
10532
10536
10539
10542
10544
10545
10546
10547
10550
10551
10552
10553
10554
10555
10556
10557
10558
10562
10563
10565
10566
10567
10568
10569
10570
10571
10572
10573
10574
10575
10576
10578
10580
10585
10590
10591
10593
10596
10597
10598
10599
10600
10601
10602
10603
10605
10612
10613
10615
10617
10619
10623
10626
10627
10629
10630
10631
10632
10634
10635
10636
10637
10638
10639
10640
10643
10644
10645
10646
10647
10648
10649
10650
10651
10653
10654
10655
10656
10658
10659
10660
10661
10662
10664
10665
10666
10668
10669
10670
10671
10673
10674
10675
10676
10677
10678
10681
10682
10683
10684
10685
10686
10687
10688
10689
10690
10691
10692
10693
10695
10697
10698
10699
10700
10701
10703
10704
10705
10706
10707
10709
10710
10711
10714
10715
10716
10718
10719
10720
10721
10722
10723
10724
10727
10728
10729
10730
10732
10733
10734
10735
10736
10738
10742
10743
10745
10746
10747
10749
10751
10752
10753
10754
10755
10756
10757
10759
10760
10763
10764
10767
10768
10769
10770
10771
10772
10775
10776
10777
10781
10782
10785
10786
10787
10788
10789
10790
10793
10796
10797
10798
10799
10802
10803
10804
10805
10806
10807
10809
10810
10811
10812
10815
10816
10817
10819
10825
10826
10832
10835
10836
10837
10838
10839
10841
10844
10846
10847
10848
10849
10850
10851
10852
10854
10855
10856
10858
10859
10860
10863
10864
10865
10866
10867
10868
10869
10870
10873
10874
10876
10881
10882
10883
10885
10886
10887
10888
10889
10890
10895
10896
10899
10900
10901
10902
10905
10907
10908
10909
10911
10912
10914
10915
10916
10918
10921
10923
10927
10928
10929
10930
10932
10933
10934
10935
10936
10937
10942
10944
10945
10946
10947
10948
10949
10951
10954
10955
10957
10958
10959
10960
10963
10964
10965
10967
10968
10970
10972
10973
10975
10978
10980
10981
10985
10989
10991
10993
10994
10995
11002
11007
11008
11012
11014
11015
11016
11020
11021
11022
11025
11028
11029
11030
11031
11032
11033
11035
11036
11038
11042
11043
11045
11048
11049
11050
11051
11053
11054
11055
11056
11057
11058
11059
11060
11062
11063
11064
11066
11068
11069
11079
11080
11081
11082
11083
11084
11085
11086
11087
11088
11092
11093
11094
11095
11096
11099
11101
11103
11105
11107
11109
11110
11111
11115
11116
11120
11121
11122
11128
11129
11131
11132
11134
11135
11136
11137
11138
11139
11140
11141
11143
11144
11145
11147
11148
11150
11151
11152
11153
11154
11159
11161
11163
11164
11165
11169
11170
11171
11172
11173
11174
11175
11176
11179
11183
11184
11185
11186
11190
11191
11192
11194
11195
11196
11197
11198
11201
11202
11203
11204
11205
11208
11211
11212
11214
11217
11218
11219
11221
11223
11224
11225
11226
11227
11228
11229
11234
11236
11237
11238
11240
11241
11243
11244
11245
11246
11248
11249
11250
11251
11256
11257
11263
11265
11266
11267
11268
11270
11272
11278
11281
11282
11283
11284
11285
11288
11289
11294
11296
11297
11298
11299
11300
11301
11302
11305
11307
11309
11310
11312
11313
11314
11315
11316
11318
11319
11320
11321
11322
11323
11324
11325
11328
11329
11330
11331
11332
11336
11337
11338
11339
11340
11341
11342
11343
11344
11346
11347
11348
11350
11351
11352
11353
11354
11358
11359
11360
11361
11362
11363
11364
11365
11366
11367
11369
11370
11373
11376
11378
11380
11383
11387
11389
11390
11391
11392
11395
11401
11402
11403
11404
11405
11406
11407
11408
11410
11411
11412
11413
11414
11415
11419
11422
11424
11425
11426
11428
11429
11431
11432
11433
11434
11435
11437
11438
11439
11440
11441
11446
11448
11449
11450
11451
11452
11453
11456
11457
11458
11459
11462
11463
11464
11465
11466
11467
11469
11471
11472
11475
11476
11478
11479
11482
11483
11484
11485
11486
11488
11491
11494
11495
11499
11500
11502
11503
11505
11506
11507
11512
11513
11514
11517
11522
11523
11528
11529
11530
11531
11532
11534
11535
11536
11538
11540
11542
11543
11545
11549
11552
11553
11554
11555
11556
11557
11558
11559
11560
11563
11564
11565
11566
11567
11568
11569
11570
11571
11572
11573
11575
11581
11582
11583
11585
11588
11589
11590
11591
11592
11593
11594
11595
11596
11597
11603
11605
11606
11611
11612
11613
11623
11624
11625
11630
11634
11637
11639
11642
11643
11646
11648
11650
11651
11652
11653
11657
11658
11661
11664
11665
11666
11667
11668
11669
11670
11671
11672
11674
11675
11679
11680
11682
11684
11685
11686
11687
11691
11692
11693
11695
11699
11700
11701
11704
11705
11709
11710
11711
11712
11713
11715
11716
11717
11720
11721
11722
11723
11730
11731
11733
11734
11735
11737
11739
11741
11743
11746
11747
11748
11749
11750
11751
11753
11754
11755
11756
11757
11758
11759
11761
11764
11769
11771
11772
11773
11774
11775
11776
11777
11778
11779
11780
11781
11786
11787
11788
11789
11790
11793
11796
11797
11799
11802
11804
11805
11806
11807
11809
11810
11811
11813
11819
11820
11821
11823
11824
11825
11826
11828
11830
11832
11837
11839
11840
11841
11842
11843
11844
11845
11846
11847
11848
11850
11852
11853
11855
11856
11857
11858
11859
11861
11862
11865
11866
11872
11873
11880
11881
11883
11884
11885
11886
11887
11888
11891
11892
11896
11897
11898
11899
11901
11905
11906
11907
11908
11910
11911
11912
11914
11915
11917
11918
11919
11920
11921
11929
11930
11931
11932
11933
11934
11935
11936
11937
11940
11941
11944
11945
11946
11947
11948
11954
11955
11964
11969
11970
11971
11972
11974
11976
11980
11981
11982
11983
11987
11995
11997
11998
11999
12002
12003
12004
12005
12007
12008
12009
12012
12033
12034
12036
12037
12040
12042
12044
12045
12046
12047
12049
12051
12052
12053
12054
12055
12056
12057
12058
12063
12066
12067
12068
12070
12071
12076
12077
12078
12079
12080
12081
12082
12083
12084
12088
12090
12092
12095
12096
12097
12098
12099
12101
12102
12111
12116
12118
12119
12121
12122
12123
12124
12125
12128
12130
12131
12135
12142
12143
12144
12147
12148
12149
12150
12153
12154
12162
12163
12167
12168
12169
12170
12171
12173
12176
12183
12184
12186
12187
12192
12193
12195
12198
12201
12204
12207
12208
12209
12210
12211
12212
12216
12217
12221
12222
12224
12229
12230
12231
12232
12233
12234
12238
12239
12240
12244
12245
12247
12248
12250
12252
12253
12255
12257
12260
12261
12262
12265
12266
12267
12268
12270
12271
12272
12273
12274
12275
12276
12278
12279
12280
12281
12283
12287
12290
12292
12293
12294
12295
12296
12297
12301
12302
12303
12304
12305
12306
12307
12310
12312
12313
12314
12315
12318
12319
12320
12321
12322
12323
12327
12332
12333
12337
12338
12339
12346
12347
12350
12351
12352
12355
12356
12361
12364
12366
12367
12368
12371
12372
12373
12374
12376
12377
12378
12379
12380
12381
12384
12385
12386
12392
12393
12394
12396
12397
12398
12400
12401
12403
12404
12406
12407
12408
12409
12411
12415
12416
12417
12418
12419
12420
12422
12423
12424
12425
12426
12427
12428
12431
12432
12433
12434
12436
12439
12440
12441
12442
12443
12444
12446
12447
12448
12451
12452
12453
12454
12455
12456
12457
12458
12459
12460
12461
12462
12464
12466
12469
12471
12474
12475
12476
12478
12480
12481
12482
12483
12485
12487
12488
12489
12492
12494
12496
12497
12498
12499
12502
12503
12504
12506
12507
12508
12510
12514
12515
12516
12517
12518
12519
12520
12521
12523
12527
12531
12534
12535
12536
12537
12541
12545
12546
12547
12548
12552
12553
12554
12556
12557
12559
12560
12563
12565
12566
12577
12581
12583
12586
12588
12589
12591
12592
12593
12594
12595
12597
12598
12599
12601
12602
12604
12606
12607
12608
12609
12610
12612
12613
12614
12619
12621
12623
12624
12625
12627
12628
12630
12633
12634
12635
12638
12639
12640
12643
12644
12645
12649
12650
12651
12654
12655
12656
12657
12658
12659
12660
12661
12662
12663
12664
12666
12667
12669
12672
12674
12676
12678
12680
12681
12683
12684
12688
12689
12693
12695
12696
12698
12701
12703
12704
12705
12711
12713
12714
12715
12716
12717
12719
12727
12728
12733
12734
12735
12736
12737
12738
12739
12741
12742
12743
12744
12745
12746
12747
12748
12749
12756
12758
12759
12760
12761
12762
12764
12765
12766
12768
12769
12770
12771
12772
12773
12774
12777
12778
12779
12780
12781
12785
12787
12788
12789
12790
12792
12794
12798
12801
12802
12803
12804
12805
12806
12807
12808
12809
12810
12812
12813
12814
12817
12821
12822
12823
12824
12825
12826
12828
12829
12831
12833
12834
12835
12836
12837
12838
12842
12845
12846
12848
12850
12851
12853
12855
12856
12857
12858
12859
12860
12862
12870
12871
12872
12873
12875
12876
12878
12879
12880
12888
12889
12892
12893
12894
12896
12897
12901
12903
12906
12907
12909
12912
12917
12918
12919
12920
12921
12922
12923
12924
12925
12926
12930
12932
12934
12935
12936
12937
12940
12941
12942
12943
12944
12946
12948
12951
12952
12953
12954
12955
12956
12960
12962
12963
12965
12966
12967
12968
12970
12971
12972
12975
12978
12980
12983
12985
12986
12987
12988
12989
12991
12992
12993
12996
12997
12998
12999
13002
13003
13004
13005
13007
13009
13010
13012
13013
13014
13015
13016
13017
13018
13019
13021
13022
13023
13032
13033
13034
13035
13036
13037
13038
13042
13043
13044
13045
13046
13049
13051
13052
13054
13055
13056
13062
13063
13064
13070
13071
13072
13073
13074
13075
13076
13078
13080
13081
13082
13083
13084
13085
13087
13088
13089
13092
13097
13099
13101
13102
13104
13105
13106
13107
13108
13112
13116
13117
13120
13122
13123
13124
13125
13128
13129
13130
13133
13135
13136
13137
13139
13140
13143
13144
13146
13147
13150
13151
13152
13153
13154
13161
13162
13163
13164
13166
13167
13168
13169
13171
13173
13174
13175
13176
13177
13179
13180
13182
13183
13186
13187
13190
13193
13197
13198
13199
13200
13201
13202
13204
13206
13207
13208
13209
13212
13213
13214
13216
13217
13219
13220
13221
13222
13223
13224
13225
13227
13228
13229
13231
13232
13233
13236
13238
13239
13240
13241
13245
13246
13249
13250
13252
13253
13254
13256
13257
13258
13259
13261
13262
13263
13264
13265
13268
13271
13272
13273
13277
13279
13280
13281
13282
13283
13284
13285
13287
13291
13293
13294
13295
13296
13297
13301
13302
13303
13305
13306
13307
13308
13309
13311
13312
13313
13314
13315
13317
13318
13323
13324
13327
13331
13332
13337
13339
13340
13344
13347
13348
13349
13351
13352
13356
13358
13359
13360
13361
13362
13363
13364
13365
13366
13367
13368
13369
13373
13374
13375
13376
13377
13378
13381
13382
13383
13386
13387
13390
13391
13393
13396
13398
13404
13405
13406
13407
13408
13409
13410
13412
13417
13419
13420
13423
13425
13426
13427
13428
13430
13431
13433
13435
13436
13439
13441
13444
13446
13448
13452
13454
13455
13456
13458
13459
13461
13467
13468
13469
13470
13471
13472
13473
13474
13476
13477
13478
13479
13480
13481
13482
13485
13487
13488
13492
13493
13496
13499
13501
13502
13503
13504
13505
13506
13507
13508
13511
13516
13517
13518
13519
13520
13521
13522
13523
13525
13527
13528
13529
13531
13532
13535
13536
13537
13538
13540
13542
13544
13545
13548
13549
13550
13551
13552
13554
13555
13556
13557
13561
13562
13563
13565
13566
13567
13568
13569
13572
13575
13578
13581
13583
13586
13587
13588
13589
13591
13595
13596
13602
13603
13604
13605
13607
13609
13610
13611
13612
13613
13614
13615
13620
13621
13622
13623
13626
13627
13629
13630
13633
13634
13637
13639
13640
13644
13646
13652
13653
13658
13667
13668
13672
13673
13674
13675
13676
13677
13678
13679
13683
13684
13685
13686
13687
13688
13689
13690
13692
13693
13701
13703
13705
13707
13708
13709
13710
13711
13712
13713
13714
13715
13716
13717
13718
13719
13720
13721
13722
13723
13725
13726
13733
13734
13735
13736
13737
13742
13743
13744
13745
13746
13747
13748
13752
13753
13758
13759
13760
13761
13762
13763
13764
13768
13773
13776
13777
13778
13779
13781
13782
13784
13785
13786
13790
13791
13792
13793
13794
13797
13800
13801
13802
13803
13804
13805
13806
13808
13811
13812
13813
13814
13815
13816
13817
13818
13821
13822
13823
13825
13826
13827
13828
13829
13830
13833
13834
13835
13837
13838
13839
13840
13843
13844
13845
13849
13851
13852
13855
13856
13858
13859
13860
13861
13862
13863
13864
13865
13866
13867
13868
13869
13870
13871
13873
13874
13875
13876
13877
13879
13882
13883
13884
13888
13889
13890
13891
13892
13893
13894
13896
13897
13898
13899
13900
13901
13902
13903
13904
13905
13906
13907
13909
13910
13911
13912
13913
13915
13917
13918
13919
13920
13921
13922
13926
13927
13929
13930
13931
13932
13935
13941
13942
13945
13946
13947
13948
13949
13950
13951
13952
13955
13956
13957
13960
13961
13962
13963
13965
13966
13968
13969
13970
13972
13974
13975
13978
13979
13980
13981
13982
13984
13985
13986
13987
13994
13995
13996
13997
13998
13999
14000
14001
14002
14004
14006
14007
14008
14010
14011
14012
14013
14015
14016
14021
14022
14023
14024
14025
14026
14027
14029
14030
14035
14036
14037
14040
14042
14043
14048
14050
14051
14052
14053
14054
14056
14057
14058
14059
14062
14067
14070
14071
14073
14076
14079
14082
14086
14088
14090
14092
14096
14097
14098
14099
14100
14101
14103
14104
14105
14106
14110
14112
14113
14114
14115
14117
14118
14119
14120
14121
14122
14124
14126
14127
14128
14129
14131
14132
14134
14135
14136
14137
14138
14139
14141
14142
14143
14146
14149
14150
14152
14153
14156
14159
14160
14166
14170
14171
14172
14173
14174
14176
14178
14179
14184
14188
14191
14204
14206
14207
14211
14212
14213
14214
14215
14216
14217
14218
14222
14223
14227
14228
14229
14231
14233
14234
14235
14236
14237
14238
14239
14243
14244
14248
14250
14252
14254
14255
14256
14257
14258
14259
14260
14261
14262
14263
14264
14265
14267
14268
14270
14277
14278
14279
14289
14290
14291
14292
14293
14295
14297
14299
14300
14302
14303
14304
14307
14308
14309
14311
14312
14318
14319
14320
14321
14322
14323
14326
14327
14328
14329
14333
14335
14336
14337
14338
14339
14341
14342
14344
14346
14349
14350
14351
14352
14355
14356
14358
14359
14360
14361
14362
14363
14364
14365
14366
14367
14368
14369
14370
14374
14375
14378
14380
14385
14388
14393
14396
14397
14399
14400
14401
14402
14405
14407
14411
14412
14413
14414
14415
14417
14418
14423
14428
14430
14431
14432
14433
14434
14435
14436
14437
14438
14439
14441
14442
14446
14447
14450
14452
14453
14454
14455
14456
14457
14458
14459
14462
14468
14469
14470
14471
14472
14475
14477
14478
14479
14480
14481
14484
14486
14488
14489
14493
14494
14495
14496
14498
14502
14503
14511
14516
14517
14519
14520
14521
14523
14524
14525
14529
14530
14533
14535
14537
14539
14540
14543
14544
14545
14547
14551
14553
14554
14555
14557
14559
14560
14567
14568
14571
14572
14574
14575
14582
14584
14589
14590
14593
14594
14596
14597
14598
14601
14602
14603
14607
14608
14609
14610
14611
14612
14614
14615
14617
14618
14619
14620
14621
14622
14623
14624
14625
14626
14627
14628
14631
14632
14634
14635
14639
14644
14650
14651
14652
14654
14655
14656
14657
14658
14660
14661
14666
14667
14672
14673
14675
14676
14677
14678
14679
14680
14681
14685
14689
14696
14699
14703
14704
14706
14707
14708
14709
14710
14711
14712
14713
14714
14715
14716
14717
14719
14720
14721
14722
14723
14724
14725
14728
14734
14735
14736
14737
14739
14740
14741
14742
14743
14746
14747
14748
14749
14750
14751
14752
14755
14756
14757
14758
14760
14762
14764
14766
14768
14776
14777
14778
14781
14783
14784
14785
14788
14789
14790
14791
14792
14793
14797
14798
14799
14801
14803
14806
14808
14809
14810
14811
14812
14813
14817
14818
14820
14821
14822
14827
14828
14832
14833
14834
14835
14836
14837
14838
14839
14841
14842
14843
14844
14847
14848
14850
14853
14854
14855
14857
14859
14861
14862
14864
14866
14867
14868
14869
14870
14872
14875
14876
14879
14881
14882
14885
14886
14887
14888
14889
14890
14894
14895
14896
14897
14898
14900
14902
14904
14906
14908
14910
14913
14915
14916
14918
14924
14929
14930
14931
14932
14933
14934
14935
14936
14937
14938
14939
14940
14941
14942
14943
14944
14945
14946
14947
14948
14949
14950
14951
14952
14954
14955
14956
14958
14959
14962
14963
14964
14965
14966
14967
14969
14971
14976
14977
14978
14980
14981
14982
14986
14989
14991
14998
14999
15002
15007
15008
15009
15010
15011
15012
15015
15016
15018
15020
15021
15022
15023
15025
15027
15029
15030
15031
15034
15036
15041
15043
15044
15045
15046
15050
15051
15052
15054
15055
15056
15057
15058
15061
15063
15064
15065
15067
15068
15070
15071
15074
15075
15076
15078
15079
15080
15081
15082
15083
15084
15087
15088
15089
15090
15091
15092
15093
15094
15095
15096
15097
15099
15100
15101
15102
15103
15104
15107
15108
15112
15113
15114
15116
15118
15119
15120
15121
15123
15124
15125
15129
15130
15131
15133
15134
15135
15136
15138
15139
15140
15141
15142
15145
15147
15148
15149
15150
15151
15153
15157
15158
15159
15161
15162
15164
15166
15168
15169
15173
15174
15175
15176
15178
15179
15180
15182
15184
15186
15187
15188
15189
15191
15193
15194
15195
15196
15197
15199
15200
15201
15202
15204
15205
15206
15208
15209
15212
15216
15217
15218
15219
15225
15226
15227
15228
15232
15234
15235
15237
15238
15239
15240
15241
15243
15244
15245
15246
15253
15255
15257
15258
15259
15263
15264
15265
15266
15274
15275
15277
15278
15279
15282
15283
15285
15288
15289
15292
15293
15295
15296
15298
15299
15300
15302
15303
15311
15312
15313
15314
15317
15319
15320
15321
15322
15323
15324
15326
15327
15328
15329
15334
15335
15336
15337
15338
15339
15340
15341
15342
15343
15344
15346
15348
15350
15352
15353
15356
15357
15359
15360
15363
15365
15368
15369
15370
15372
15373
15374
15377
15380
15381
15382
15384
15387
15388
15390
15391
15392
15393
15394
15395
15396
15397
15398
15400
15402
15403
15404
15406
15407
15408
15409
15411
15415
15418
15419
15420
15421
15423
15424
15425
15431
15432
15433
15434
15438
15439
15441
15442
15443
15444
15447
15448
15449
15450
15451
15454
15455
15456
15457
15458
15461
15462
15466
15467
15470
15471
15472
15473
15474
15475
15476
15477
15478
15479
15480
15482
15484
15486
15487
15491
15493
15494
15495
15496
15497
15498
15502
15504
15505
15506
15507
15509
15510
15511
15512
15513
15514
15515
15516
15520
15521
15523
15525
15530
15531
15532
15533
15534
15536
15537
15539
15542
15543
15544
15549
15551
15553
15554
15556
15559
15560
15562
15563
15564
15565
15566
15569
15571
15573
15576
15577
15579
15580
15582
15584
15586
15587
15588
15590
15591
15592
15593
15594
15595
15597
15598
15599
15600
15603
15606
15608
15609
15610
15611
15612
15613
15615
15616
15617
15620
15627
15629
15630
15632
15633
15634
15636
15637
15638
15639
15640
15641
15642
15643
15648
15650
15652
15653
15656
15657
15659
15661
15665
15668
15669
15670
15671
15673
15675
15676
15678
15681
15682
15683
15687
15689
15691
15695
15696
15697
15698
15699
15700
15701
15702
15707
15708
15710
15715
15719
15721
15723
15725
15726
15728
15729
15735
15739
15740
15741
15742
15744
15746
15747
15748
15749
15751
15752
15753
15759
15765
15766
15768
15769
15771
15772
15773
15776
15777
15779
15783
15785
15786
15792
15793
15794
15795
15797
15798
15799
15800
15801
15803
15804
15805
15806
15807
15809
15810
15811
15818
15819
15822
15824
15827
15828
15829
15830
15831
15832
15833
15834
15835
15837
15838
15839
15840
15841
15842
15848
15849
15850
15852
15853
15855
15856
15857
15858
15859
15860
15862
15865
15866
15868
15870
15871
15872
15873
15874
15875
15876
15881
15882
15883
15884
15885
15886
15887
15888
15890
15893
15894
15895
15897
15898
15900
15901
15905
15906
15907
15912
15913
15914
15916
15917
15918
15921
15922
15923
15925
15927
15928
15929
15930
15932
15933
15934
15935
15937
15938
15940
15941
15942
15943
15944
15945
15946
15947
15949
15950
15951
15952
15953
15954
15955
15956
15957
15959
15960
15962
15963
15964
15965
15968
15969
15970
15971
15972
15973
15974
15979
15981
15982
15985
15986
15987
15988
15990
15991
15993
15996
15997
15998
15999
16000
16001
16003
16004
16006
16010
16012
16013
16014
16016
16017
16020
16022
16023
16024
16026
16027
16031
16032
16033
16034
16035
16036
16037
16040
16041
16044
16048
16052
16053
16054
16057
16058
16059
16060
16061
16062
16064
16068
16069
16070
16072
16073
16074
16075
16076
16077
16080
16081
16083
16084
16085
16086
16087
16089
16090
16092
16093
16097
16098
16100
16104
16109
16110
16111
16112
16113
16115
16118
16119
16122
16123
16124
16125
16128
16129
16130
16131
16132
16139
16142
16145
16146
16147
16148
16149
16150
16152
16153
16154
16155
16156
16163
16164
16166
16167
16170
16174
16176
16182
16183
16184
16189
16190
16193
16194
16198
16217
16218
16219
16233
16235
16241
16254
16260
16261
16262
16266
16269
16271
16276
16278
16280
16289
16290
16291
16292
16293
16298
16304
16306
16310
16316
16317
16319
16323
16326
16329
16331
16333
16336
16341
16348
16350
16351
16359
16360
16361
16362
16363
16366
16368
16370
16371
16376
16377
16378
16385
16386
16391
16393
16394
16396
16397
16399
16402
16403
16404
16405
16406
16407
16408
16411
16414
16416
16418
16421
16423
16425
16426
16430
16431
16432
16435
16436
16437
16438
16439
16440
16441
16442
16444
16445
16446
16447
16448
16449
16450
16451
16454
16455
16456
16457
16459
16460
16461
16462
16465
16470
16471
16475
16480
16481
16483
16484
16486
16488
16489
16490
16491
16492
16493
16494
16495
16496
16497
16498
16499
16500
16504
16512
16517
16518
16520
16521
16523
16524
16526
16528
16529
16530
16531
16534
16535
16539
16541
16547
16552
16553
16560
16562
16564
16570
16571
16575
16581
16585
16587
16592
16593
16606
16608
16612
16615
16617
16620
16622
16624
16625
16632
16636
16641
16643
16646
16661
16666
16670
16671
16672
16673
16674
16678
16680
16682
16684
16687
16688
16690
16691
16692
16694
16697
16702
16706
16712
16716
16717
16718
16720
16724
16726
16727
16730
16733
16734
16735
16736
16738
16739
16741
16742
16743
16748
16758
16761
16762
16764
16766
16769
16771
16772
16773
16774
16776
16778
16779
16781
16783
16784
16785
16786
16789
16792
16797
16798
16799
16800
16802
16803
16804
16807
16808
16809
16810
16811
16812
16813
16814
16815
16816
16817
16818
16819
16826
16827
16828
16832
16833
16834
16835
16836
16837
16838
16839
16841
16843
16849
16853
16854
16860
16864
16869
16877
16878
16879
16880
16885
16887
16889
16890
16892
16894
16895
16897
16898
16900
16905
16911
16914
16915
16916
16919
16921
16924
16929
16930
16931
16934
16935
16940
16942
16943
16945
16946
16948
16952
16953
16955
16957
16959
16965
16969
16972
16974
16976
16978
16979
16980
16981
16985
16987
16989
16990
17007
17008
17010
17012
17013
17016
17017
17020
17021
17024
17025
17027
17030
17033
17036
17038
17041
17042
17044
17049
17052
17053
17055
17056
17060
17061
17062
17063
17069
17075
17076
17077
17092
17093
17096
17097
17098
17099
17101
17102
17104
17105
17106
17107
17108
17109
17110
17112
17115
17119
17123
17126
17128
17134
17136
17143
17144
17146
17149
17158
17161
17162
17167
17169
17170
17172
17174
17175
17176
17177
17182
17186
17187
17190
17197
17198
17202
17204
17208
17210
17213
17214
17215
17216
17218
17221
17223
17227
17229
17232
17233
17244
17250
17255
17257
17259
17260
17261
17262
17264
17265
17266
17275
17276
17277
17279
17281
17282
17285
17286
17287
17288
17289
17290
17291
17295
17296
17297
17299
17304
17311
17313
17324
17325
17327
17338
17341
17349
17350
17353
17354
17356
17357
17360
17362
17363
17364
17365
17366
17368
17369
17370
17371
17372
17373
17374
17378
17379
17382
17384
17385
17386
17387
17390
17393
17406
17410
17413
17415
17417
17425
17436
17438
17439
17440
17441
17442
17445
17449
17450
17460
17461
17462
17463
17464
17465
17466
17470
17471
17472
17474
17478
17479
17480
17481
17486
17487
17491
17495
17504
17505
17508
17509
17510
17512
17516
17517
17522
17523
17524
17525
17533
17534
17535
17544
17545
17546
17550
17562
17565
17566
17567
17568
17570
17571
17572
17573
17574
17575
17576
17577
17578
17580
17581
17584
17586
17588
17591
17592
17593
17595
17602
17619
17627
17632
17633
17635
17640
17641
17642
17645
17646
17647
17653
17665
17666
17667
17668
17671
17673
17675
17678
17690
17695
17696
17699
17700
17701
17705
17712
17713
17714
17715
17719
17721
17730
17735
17738
17739
17741
17746
17751
17753
17755
17760
17766
17767
17771
17778
17779
17788
17792
17808
17811
17813
17822
17824
17826
17829
17831
17835
17837
17850
17852
17853
17870
17882
17885
17887
17891
17893
17895
17897
17906
17913
17914
17916
17922
17924
17931
17935
17940
17941
17943
17946
17951
17960
17961
17962
17966
17967
17971
17972
17973
17975
17976
17977
17980
17981
17985
17986
17992
17994
17995
17996
17998
17999
18002
18003
18004
18005
18006
18007
18009
18014
18018
18019
18022
18023
18024
18025
18028
18029
18030
18033
18037
18038
18039
18040
18043
18046
18051
18052
18055
18056
18057
18059
18060
18061
18066
18069
18070
18071
18074
18081
18082
18087
18088
18089
18090
18091
18093
18096
18097
18099
18102
18105
18106
18108
18112
18115
18116
18118
18123
18126
18127
18128
18129
18130
18131
18135
18136
18142
18143
18147
18151
18152
18153
18154
18156
18159
18160
18162
18163
18165
18166
18167
18169
18172
18173
18174
18178
18180
18182
18183
18184
18188
18189
18193
18194
18195
18197
18201
18204
18210
18211
18213
18214
18215
18216
18219
18220
18221
18222
18223
18224
18225
18226
18228
18229
18230
18231
18232
18233
18234
18239
18241
18242
18243
18244
18246
18248
18251
18253
18255
18258
18259
18264
18265
18266
18268
18270
18271
18272
18280
18284
18285
18289
18293
18294
18296
18297
18298
18301
18303
18304
18307
18308
18309
18310
18314
18317
18318
18319
18321
18322
18323
18324
18325
18326
18327
18328
18331
18332
18333
18334
18335
18338
18341
18343
18344
18345
18346
18347
18348
18354
18357
18358
18361
18363
18364
18365
18367
18368
18371
18372
18373
18376
18379
18380
18387
18391
18392
18393
18394
18395
18396
18397
18398
18406
18407
18409
18410
18412
18417
18421
18422
18425
18427
18428
18430
18432
18435
18441
18449
18450
18451
18454
18458
18460
18465
18470
18476
18478
18479
18482
18483
18488
18489
18491
18494
18496
18499
18503
18504
18509
18512
18513
18514
18516
18521
18526
18527
18531
18532
18533
18536
18540
18541
18543
18544
18547
18548
18549
18550
18552
18553
18554
18555
18556
18558
18559
18562
18563
18565
18566
18568
18569
18570
18571
18574
18575
18579
18580
18582
18583
18584
18585
18586
18587
18588
18589
18591
18592
18593
18594
18597
18600
18601
18602
18606
18607
18608
18609
18611
18613
18614
18615
18617
18621
18626
18628
18630
18631
18632
18633
18634
18636
18641
18642
18643
18644
18646
18648
18649
18650
18653
18654
18656
18665
18666
18672
18675
18676
18678
18683
18684
18685
18686
18687
18689
18690
18693
18696
18698
18701
18705
18706
18710
18711
18714
18716
18717
18721
18723
18724
18725
18726
18729
18730
18731
18732
18735
18736
18737
18738
18740
18741
18742
18743
18744
18745
18748
18751
18752
18753
18754
18758
18759
18760
18761
18763
18764
18765
18766
18772
18774
18775
18776
18778
18779
18781
18785
18787
18788
18792
18793
18796
18799
18800
18801
18802
18805
18807
18810
18811
18815
18821
18823
18824
18834
18837
18838
18839
18842
18847
18852
18853
18855
18856
18868
18869
18870
18872
18873
18876
18880
18883
18888
18892
18896
18901
18923
18924
18926
18930
18932
18934
18948
18952
18955
18956
18968
18971
18975
18989
18990
19002
19019
19026
19028
19032
19037
19042
19044
19045
19046
19047
19056
19066
19069
19076
19078
19079
19104
19112
19113
19121
19128
19129
19130
19149
19151
19156
19158
19159
19163
19164
19165
19168
19169
19181
19182
19189
19190
19191
19192
19193
19203
19204
19206
19207
19210
19212
19213
19214
19219
19220
19221
19222
19225
19227
19228
19236
19241
19242
19262
19263
19271
19272
19275
19276
19282
19283
19291
19292
19301
19302
19303
19312
19318
19323
19325
19332
19333
19335
19344
19346
19348
19349
19351
19352
19354
19356
19360
19362
19363
19370
19399
19402
19403
19404
19405
19406
19407
19408
19414
19416
19417
19418
19419
19424
19426
19428
19429
19437
19438
19440
19441
19446
19455
19462
19470
19471
19472
19474
19478
19479
19480
19481
19482
19483
19484
19492
19504
19505
19506
19507
19512
19526
19527
19528
19529
19539
19542
19547
19548
19549
19566
19569
19570
19573
19574
19576
19597
19657
19661
19662
19663
19664
19665
19669
19670
19677
19681
19688
19689
19696
19697
19700
19704
19707
19708
19709
19723
19724
19725
19728
19729
19731
19732
19733
19736
19737
19740
19744
19756
19757
19758
19760
19761
19762
19769
19770
19772
19773
19776
19777
19781
19782
19784
19785
19786
19787
19788
19790
19791
19792
19795
19796
19797
19799
19801
19802
19803
19804
19807
19810
19815
19816
19817
19823
19826
19829
19830
19833
19834
19835
19836
19839
19840
19841
19844
19848
19857
19860
19861
19862
19868
19869
19871
19872
19877
19879
19881
19882
19883
19884
19885
19893
19897
19901
19902
19903
19904
19905
19907
19908
19912
19918
19922
19923
19927
19928
19929
19931
19932
19933
19934
19937
19939
19945
19946
19948
19950
19951
19952
19953
19954
19957
19959
19962
19971
19976
19999
20000
20001
20005
20007
20008
20020
20041
20065
20072
20073
20074
20075
20076
20077
20078
20079
20080
20081
20082
20083
20084
20085
20086
20087
20088
20090
20091
20092
20093
20097
20098
20100
20101
20102
20104
20106
20107
20108
20109
20110
20111
20113
20115
20116
20117
20118
20120
20121
20122
20123
20124
20128
20132
20133
20134
20135
20136
20137
20138
20139
20140
20141
20142
20143
20144
20145
20150
20162
20169
20179
20184
20185
20193
20194
20195
20196
20207
20214
20216
20220
20235
20237
20245
20249
20253
20254
20255
20256
20262
20264
20267
20269
20271
20272
20275
20277
20279
20280
20281
20282
20283
20284
20285
20287
20288
20290
20291
20293
20294
20296
20297
20299
20300
20302
20305
20309
20310
20311
20314
20316
20317
20320
20323
20328
20333
20338
20343
20344
20351
20352
20362
20363
20368
20375
20379
20380
20385
20386
20388
20392
20393
20394
20407
20409
20410
20414
20415
20416
20417
20421
