2
3
4
8
9
10
11
17
22
23
24
25
27
29
30
31
32
33
36
37
39
40
41
42
43
45
46
48
49
50
51
56
59
60
61
62
63
64
65
66
69
72
73
74
76
78
79
80
85
88
96
98
99
101
103
106
107
110
112
113
114
116
117
123
124
127
130
132
136
137
138
139
140
141
142
143
145
146
149
151
152
153
154
157
158
159
161
162
163
164
165
166
167
168
169
172
174
175
184
193
194
195
198
199
200
201
203
212
213
214
215
219
222
223
228
229
230
231
232
234
235
242
243
244
246
247
248
253
254
258
261
274
275
276
277
280
281
286
287
288
289
290
291
292
293
294
295
299
300
301
302
303
305
311
312
314
316
317
318
319
322
323
325
326
327
328
329
330
331
340
341
342
343
344
345
349
350
351
352
353
354
357
358
359
360
361
363
364
370
371
376
378
383
384
389
390
391
398
400
401
402
404
405
406
408
409
413
414
415
417
418
419
420
422
425
426
428
429
430
431
432
435
437
438
439
442
443
444
445
448
458
459
460
470
480
481
482
483
484
485
486
487
493
495
496
498
499
500
501
505
506
509
510
511
512
517
520
522
523
525
526
527
532
534
535
537
538
539
540
544
546
550
555
556
557
558
559
562
565
566
568
569
570
571
572
573
575
577
578
579
580
581
582
583
584
585
587
592
593
594
597
598
606
607
610
611
617
618
621
622
626
627
634
637
638
641
642
644
645
646
649
651
652
653
654
657
658
659
662
663
664
666
668
669
670
671
675
676
677
678
679
681
682
683
684
685
692
693
694
699
700
703
705
706
710
713
714
715
716
719
720
721
725
729
730
731
732
733
734
736
742
744
745
746
747
754
756
758
768
769
771
773
775
778
782
783
785
786
787
788
794
795
796
798
799
801
802
806
807
809
811
814
821
822
825
827
829
830
833
837
838
839
840
849
850
851
863
864
867
868
869
870
873
875
877
884
893
899
902
908
910
911
912
915
916
917
918
919
920
921
924
927
928
929
930
931
932
935
936
938
940
941
943
945
946
947
948
949
951
952
954
957
958
959
960
961
962
963
964
965
966
967
969
972
973
974
975
979
985
986
988
1003
1005
1009
1010
1011
1013
1015
1016
1017
1019
1024
1025
1026
1030
1031
1032
1033
1036
1038
1042
1043
1049
1050
1051
1052
1053
1054
1055
1056
1057
1058
1060
1061
1067
1068
1070
1071
1072
1073
1080
1082
1084
1086
1090
1091
1092
1097
1101
1102
1103
1108
1109
1110
1111
1112
1113
1114
1116
1117
1118
1120
1123
1125
1135
1136
1141
1142
1144
1145
1146
1149
1150
1151
1156
1157
1164
1168
1169
1170
1171
1172
1173
1175
1176
1177
1178
1180
1181
1182
1184
1185
1186
1187
1188
1192
1193
1194
1195
1198
1199
1200
1201
1202
1203
1204
1206
1215
1228
1229
1234
1235
1237
1238
1246
1248
1252
1253
1254
1256
1257
1258
1260
1261
1263
1264
1268
1270
1272
1275
1277
1278
1280
1281
1282
1283
1287
1289
1294
1295
1297
1298
1299
1300
1306
1310
1312
1313
1315
1316
1317
1318
1319
1320
1321
1322
1326
1327
1329
1331
1336
1342
1343
1344
1345
1346
1347
1349
1350
1351
1352
1355
1356
1363
1364
1368
1369
1370
1371
1372
1373
1375
1376
1377
1378
1382
1383
1384
1385
1386
1387
1389
1390
1393
1394
1395
1396
1400
1403
1404
1407
1411
1414
1415
1416
1417
1418
1421
1422
1423
1424
1426
1428
1429
1430
1432
1434
1437
1439
1440
1441
1443
1445
1450
1454
1456
1460
1464
1467
1468
1469
1470
1473
1475
1477
1478
1480
1482
1484
1486
1487
1488
1489
1490
1491
1494
1495
1496
1499
1502
1505
1513
1514
1516
1517
1518
1523
1524
1526
1530
1537
1538
1539
1540
1542
1543
1544
1545
1546
1552
1559
1560
1561
1562
1563
1564
1572
1577
1579
1580
1581
1584
1585
1587
1588
1589
1598
1599
1602
1621
1623
1630
1631
1632
1633
1635
1636
1638
1639
1640
1644
1645
1652
1653
1655
1656
1657
1659
1660
1662
1663
1665
1667
1668
1670
1671
1682
1683
1684
1685
1691
1692
1693
1694
1697
1698
1699
1700
1701
1702
1705
1707
1708
1709
1710
1711
1712
1713
1716
1718
1732
1733
1736
1739
1740
1741
1743
1744
1746
1747
1748
1749
1750
1751
1752
1753
1755
1758
1760
1762
1766
1767
1768
1769
1772
1773
1774
1775
1780
1781
1783
1788
1789
1791
1792
1793
1794
1798
1801
1808
1816
1818
1820
1823
1824
1834
1835
1836
1841
1846
1848
1849
1850
1851
1852
1853
1854
1855
1856
1858
1860
1863
1867
1868
1869
1870
1872
1873
1875
1876
1877
1879
1883
1884
1887
1893
1895
1896
1897
1898
1899
1900
1901
1902
1908
1909
1910
1911
1913
1918
1919
1922
1923
1925
1926
1927
1928
1929
1930
1932
1933
1935
1936
1938
1939
1940
1941
1943
1950
1951
1952
1955
1956
1957
1958
1959
1962
1963
1966
1982
1983
1985
1986
1987
1989
1996
1997
1998
1999
2000
2001
2004
2005
2007
2010
2011
2012
2016
2023
2024
2028
2029
2030
2031
2033
2035
2041
2042
2044
2048
2049
2050
2051
2053
2058
2060
2064
2070
2074
2075
2088
2089
2090
2091
2092
2095
2096
2097
2098
2101
2107
2108
2109
2110
2111
2112
2113
2116
2117
2118
2119
2120
2121
2122
2123
2125
2126
2130
2131
2134
2136
2137
2138
2139
2142
2143
2144
2145
2146
2147
2148
2149
2151
2152
2153
2154
2157
2158
2159
2160
2161
2162
2163
2164
2165
2166
2167
2169
2170
2171
2172
2173
2174
2175
2176
2177
2178
2179
2180
2183
2184
2186
2187
2188
2190
2191
2192
2193
2194
2195
2196
2197
2198
2199
2200
2201
2202
2203
2204
2205
2206
2207
2208
2212
2213
2214
2215
2216
2217
2218
2219
2220
2225
2227
2228
2229
2230
2231
2232
2239
2240
2241
2242
2243
2248
2249
2256
2257
2258
2259
2260
2263
2265
2266
2268
2270
2271
2272
2273
2275
2276
2282
2286
2287
2288
2290
2291
2292
2294
2301
2302
2304
2305
2319
2321
2327
2328
2329
2332
2333
2336
2337
2338
2339
2340
2345
2346
2347
2348
2349
2353
2354
2355
2356
2357
2358
2359
2360
2361
2364
2365
2366
2367
2368
2369
2370
2371
2374
2375
2382
2384
2387
2388
2389
2390
2392
2393
2395
2397
2398
2399
2401
2402
2403
2404
2405
2408
2409
2411
2412
2413
2414
2415
2418
2419
2420
2421
2427
2428
2429
2430
2431
2432
2434
2435
2438
2439
2441
2442
2443
2444
2445
2446
2449
2452
2453
2454
2455
2456
2464
2465
2466
2475
2476
2478
2479
2481
2482
2487
2488
2490
2491
2494
2495
2496
2497
2498
2499
2500
2501
2502
2505
2506
2507
2508
2509
2510
2512
2515
2520
2521
2522
2525
2532
2534
2537
2539
2540
2541
2542
2546
2547
2548
2554
2559
2560
2563
2564
2565
2571
2574
2575
2576
2579
2580
2581
2582
2584
2585
2588
2589
2590
2591
2592
2595
2599
2604
2605
2607
2608
2611
2616
2618
2622
2624
2629
2630
2631
2635
2636
2638
2639
2640
2641
2642
2650
2651
2653
2655
2656
2657
2658
2663
2666
2667
2677
2679
2682
2683
2684
2685
2686
2687
2690
2692
2696
2700
2701
2704
2705
2706
2707
2709
2710
2711
2712
2713
2723
2727
2728
2729
2730
2733
2738
2739
2741
2742
2743
2744
2745
2746
2747
2749
2750
2752
2753
2754
2755
2757
2758
2760
2761
2762
2764
2768
2769
2771
2773
2774
2775
2776
2781
2782
2801
2802
2803
2806
2807
2808
2814
2815
2817
2818
2819
2823
2824
2825
2826
2827
2829
2831
2832
2834
2836
2838
2842
2844
2849
2850
2851
2858
2863
2864
2865
2866
2867
2871
2875
2878
2879
2881
2884
2886
2887
2888
2891
2892
2893
2894
2895
2896
2898
2900
2901
2902
2903
2904
2905
2906
2907
2908
2909
2910
2913
2914
2915
2916
2917
2926
2933
2934
2938
2941
2944
2946
2948
2949
2953
2954
2958
2959
2964
2965
2967
2968
2969
2970
2971
2972
2973
2974
2977
2979
2980
2988
2989
2991
2995
2996
2997
3000
3001
3002
3004
3007
3008
3009
3014
3015
3019
3020
3021
3022
3023
3024
3025
3026
3028
3029
3033
3034
3035
3036
3037
3038
3040
3041
3042
3043
3044
3045
3046
3047
3048
3049
3050
3051
3053
3054
3055
3056
3057
3060
3061
3063
3064
3066
3070
3076
3080
3081
3082
3085
3086
3087
3088
3092
3094
3095
3096
3097
3101
3102
3103
3111
3112
3113
3115
3116
3118
3120
3125
3127
3134
3138
3142
3144
3146
3148
3149
3150
3152
3155
3156
3157
3158
3159
3162
3163
3164
3165
3167
3168
3170
3171
3173
3175
3178
3179
3180
3181
3185
3186
3188
3197
3201
3202
3203
3205
3206
3207
3212
3220
3229
3231
3234
3236
3237
3239
3240
3245
3246
3248
3249
3250
3251
3252
3255
3257
3258
3260
3261
3266
3269
3270
3271
3272
3273
3274
3281
3282
3283
3285
3287
3288
3290
3291
3299
3300
3302
3310
3311
3312
3315
3317
3318
3320
3321
3322
3323
3324
3325
3329
3334
3335
3336
3337
3338
3339
3340
3341
3343
3347
3348
3349
3350
3351
3352
3359
3360
3361
3362
3363
3364
3365
3368
3371
3373
3377
3378
3379
3381
3385
3386
3387
3393
3394
3398
3402
3403
3404
3405
3406
3410
3412
3413
3414
3417
3420
3421
3423
3424
3425
3426
3427
3428
3434
3435
3436
3445
3446
3447
3448
3449
3450
3451
3453
3455
3456
3457
3458
3459
3461
3463
3464
3465
3466
3471
3473
3477
3478
3479
3480
3481
3483
3487
3497
3505
3508
3509
3511
3512
3515
3516
3517
3518
3519
3521
3522
3523
3524
3525
3526
3527
3528
3529
3531
3532
3533
3534
3535
3536
3537
3538
3539
3540
3541
3542
3543
3544
3545
3546
3548
3549
3551
3552
3553
3554
3555
3556
3557
3559
3565
3567
3569
3570
3572
3573
3578
3579
3580
3583
3585
3586
3587
3588
3592
3593
3596
3598
3601
3603
3604
3605
3608
3611
3613
3616
3617
3621
3623
3624
3625
3630
3631
3634
3635
3638
3639
3641
3644
3647
3648
3650
3658
3661
3662
3663
3667
3668
3670
3671
3677
3679
3683
3685
3688
3689
3690
3693
3694
3695
3696
3697
3699
3700
3701
3704
3706
3707
3708
3709
3710
3711
3712
3713
3714
3719
3720
3721
3722
3723
3724
3731
3733
3734
3735
3736
3738
3740
3741
3742
3743
3744
3745
3746
3749
3750
3751
3752
3753
3779
3780
3784
3786
3787
3789
3790
3791
3794
3796
3801
3802
3803
3804
3805
3806
3807
3808
3809
3810
3811
3814
3815
3819
3820
3821
3822
3827
3829
3834
3835
3838
3839
3840
3841
3842
3844
3845
3847
3848
3850
3862
3865
3866
3868
3870
3871
3872
3873
3874
3875
3878
3884
3885
3887
3888
3889
3890
3898
3903
3906
3911
3912
3913
3914
3918
3919
3920
3921
3922
3923
3924
3925
3926
3928
3930
3932
3933
3934
3938
3941
3944
3948
3949
3950
3951
3952
3954
3958
3959
3964
3966
3968
3969
3970
3974
3975
3979
3980
3982
3983
3984
3985
3988
3990
3994
3997
4000
4006
4008
4009
4010
4011
4012
4013
4014
4016
4017
4021
4022
4023
4024
4025
4031
4035
4036
4037
4043
4045
4046
4051
4052
4053
4054
4055
4059
4061
4062
4066
4067
4068
4074
4076
4078
4079
4080
4082
4083
4084
4087
4088
4089
4090
4091
4096
4097
4098
4103
4104
4106
4108
4109
4110
4111
4115
4117
4118
4119
4123
4124
4126
4127
4129
4134
4137
4139
4141
4142
4143
4145
4146
4147
4149
4155
4156
4157
4158
4160
4169
4170
4172
4173
4174
4175
4176
4179
4180
4181
4184
4186
4188
4189
4190
4194
4198
4199
4200
4201
4202
4203
4214
4217
4225
4226
4227
4228
4229
4231
4235
4238
4239
4240
4241
4242
4243
4245
4247
4248
4251
4252
4253
4255
4257
4258
4259
4260
4261
4262
4265
4266
4269
4272
4273
4274
4277
4279
4280
4281
4285
4286
4291
4292
4294
4295
4296
4297
4298
4300
4301
4302
4303
4305
4308
4309
4310
4314
4316
4318
4320
4321
4322
4324
4333
4334
4335
4336
4338
4345
4347
4348
4349
4351
4353
4354
4355
4357
4358
4359
4361
4363
4364
4365
4366
4367
4368
4377
4379
4380
4381
4382
4383
4385
4386
4387
4391
4392
4396
4398
4401
4403
4404
4405
4406
4407
4408
4409
4410
4413
4414
4415
4416
4417
4418
4419
4422
4425
4427
4429
4433
4434
4437
4439
4442
4443
4444
4445
4446
4449
4450
4452
4455
4457
4458
4459
4463
4468
4470
4472
4477
4478
4479
4485
4488
4489
4491
4493
4495
4496
4497
4498
4499
4500
4501
4502
4503
4504
4506
4507
4508
4514
4518
4522
4523
4524
4525
4539
4540
4543
4544
4546
4548
4550
4551
4554
4555
4556
4557
4560
4561
4562
4564
4567
4568
4573
4576
4577
4578
4581
4583
4585
4586
4587
4588
4592
4593
4594
4595
4596
4599
4601
4608
4609
4614
4615
4616
4617
4618
4619
4620
4621
4623
4625
4626
4627
4629
4631
4634
4636
4639
4640
4641
4648
4649
4650
4657
4658
4659
4662
4664
4671
4673
4674
4675
4676
4677
4678
4679
4680
4681
4682
4684
4687
4689
4694
4696
4698
4701
4702
4703
4704
4705
4707
4708
4709
4713
4714
4715
4716
4720
4725
4727
4734
4736
4739
4740
4743
4744
4749
4754
4758
4759
4760
4761
4763
4765
4766
4774
4775
4776
4778
4786
4789
4793
4794
4795
4796
4797
4798
4799
4800
4801
4803
4809
4810
4811
4812
4813
4815
4816
4817
4818
4819
4820
4821
4822
4823
4824
4825
4832
4835
4836
4837
4838
4840
4843
4844
4846
4849
4850
4851
4852
4858
4861
4862
4863
4866
4867
4868
4869
4872
4873
4874
4875
4881
4882
4883
4884
4886
4892
4893
4894
4895
4901
4902
4905
4906
4907
4908
4909
4910
4911
4916
4918
4921
4924
4925
4927
4929
4932
4933
4934
4935
4936
4937
4939
4940
4941
4942
4943
4946
4947
4951
4954
4955
4956
4968
4969
4970
4971
4972
4973
4974
4982
4983
4984
4985
4986
4987
4988
4990
4991
4998
5002
5005
5006
5010
5016
5019
5020
5021
5022
5025
5026
5027
5028
5029
5030
5034
5035
5036
5039
5040
5041
5053
5059
5060
5063
5065
5068
5069
5070
5071
5072
5073
5074
5081
5082
5083
5084
5085
5086
5089
5090
5092
5096
5099
5101
5102
5103
5105
5108
5112
5113
5114
5115
5116
5117
5119
5120
5126
5128
5130
5133
5134
5135
5137
5142
5143
5144
5145
5149
5154
5155
5157
5159
5160
5161
5162
5165
5166
5168
5170
5171
5174
5179
5180
5181
5182
5183
5186
5188
5191
5192
5194
5195
5196
5197
5198
5199
5200
5207
5208
5209
5211
5212
5213
5214
5217
5218
5219
5220
5221
5222
5223
5224
5225
5227
5228
5229
5230
5231
5232
5233
5234
5236
5238
5239
5240
5241
5242
5243
5244
5246
5248
5251
5253
5260
5262
5265
5266
5267
5268
5269
5271
5272
5276
5277
5278
5279
5287
5288
5289
5296
5297
5298
5299
5300
5303
5304
5305
5307
5308
5309
5312
5322
5323
5324
5325
5326
5327
5328
5330
5332
5333
5337
5339
5340
5341
5342
5343
5344
5345
5346
5350
5352
5353
5356
5358
5359
5363
5364
5365
5366
5370
5371
5372
5381
5385
5386
5391
5392
5394
5404
5405
5408
5409
5421
5422
5426
5429
5432
5433
5434
5435
5438
5440
5441
5442
5443
5445
5452
5453
5454
5455
5458
5459
5460
5463
5464
5474
5476
5477
5479
5480
5481
5482
5483
5484
5485
5486
5487
5491
5494
5495
5496
5497
5498
5500
5502
5503
5504
5505
5507
5510
5511
5514
5515
5516
5518
5522
5523
5524
5525
5526
5527
5528
5534
5536
5537
5541
5542
5544
5545
5546
5547
5548
5549
5550
5552
5553
5554
5555
5560
5561
5563
5564
5568
5569
5570
5571
5573
5574
5576
5578
5579
5581
5582
5584
5585
5586
5587
5588
5591
5593
5594
5595
5599
5603
5604
5605
5606
5607
5608
5609
5610
5611
5612
5614
5615
5617
5618
5619
5621
5622
5624
5625
5626
5627
5628
5629
5630
5632
5635
5636
5637
5640
5644
5646
5648
5649
5657
5658
5660
5662
5663
5664
5667
5672
5673
5674
5675
5676
5679
5684
5685
5689
5690
5691
5692
5693
5694
5696
5698
5710
5711
5712
5717
5718
5719
5720
5723
5725
5730
5734
5735
5736
5743
5745
5749
5750
5752
5753
5754
5755
5756
5757
5760
5761
5762
5763
5764
5765
5766
5769
5773
5774
5780
5781
5782
5789
5792
5793
5794
5796
5797
5798
5799
5800
5801
5802
5805
5806
5809
5810
5811
5812
5813
5815
5819
5820
5825
5826
5827
5828
5830
5831
5835
5836
5837
5839
5844
5845
5846
5847
5850
5851
5853
5854
5856
5861
5863
5868
5869
5870
5872
5875
5876
5882
5883
5884
5885
5889
5890
5891
5892
5893
5894
5895
5896
5897
5898
5899
5905
5906
5908
5909
5910
5914
5917
5920
5921
5924
5927
5928
5941
5946
5948
5954
5958
5959
5960
5963
5965
5966
5967
5969
5970
5971
5973
5974
5976
5977
5978
5979
5980
5983
5985
5991
5992
5993
5995
5998
6000
6001
6002
6003
6007
6008
6012
6013
6017
6018
6019
6022
6023
6024
6026
6028
6029
6035
6044
6045
6047
6051
6052
6053
6055
6059
6060
6061
6063
6067
6068
6070
6071
6072
6074
6075
6078
6081
6085
6086
6087
6089
6090
6091
6092
6093
6094
6102
6108
6109
6111
6116
6123
6128
6129
6130
6131
6132
6133
6135
6137
6138
6139
6141
6144
6148
6150
6158
6159
6161
6162
6164
6165
6166
6167
6168
6169
6171
6172
6180
6181
6182
6183
6184
6187
6190
6192
6193
6194
6195
6196
6197
6198
6199
6200
6201
6202
6205
6208
6209
6210
6211
6212
6213
6214
6217
6218
6219
6220
6221
6223
6226
6227
6229
6232
6233
6235
6237
6238
6245
6246
6247
6256
6257
6258
6261
6262
6263
6265
6266
6267
6270
6271
6272
6273
6274
6275
6276
6278
6281
6282
6283
6289
6290
6294
6295
6296
6301
6302
6306
6307
6310
6311
6312
6313
6315
6316
6317
6319
6323
6324
6327
6330
6332
6333
6334
6336
6338
6339
6342
6343
6345
6346
6347
6348
6349
6350
6353
6354
6355
6356
6358
6359
6363
6364
6366
6367
6368
6369
6370
6371
6372
6373
6374
6378
6383
6389
6391
6392
6393
6394
6395
6396
6397
6398
6407
6408
6411
6412
6413
6415
6416
6417
6419
6421
6422
6423
6426
6427
6430
6431
6432
6434
6446
6448
6449
6450
6451
6452
6453
6454
6456
6458
6463
6464
6465
6467
6468
6471
6474
6476
6479
6480
6481
6483
6484
6485
6490
6491
6494
6495
6497
6499
6502
6503
6506
6507
6508
6509
6513
6514
6515
6516
6517
6518
6519
6520
6528
6529
6530
6531
6533
6535
6541
6542
6543
6544
6547
6550
6552
6553
6555
6565
6568
6569
6571
6573
6574
6581
6582
6583
6584
6586
6587
6592
6594
6597
6598
6599
6600
6602
6603
6605
6606
6608
6609
6611
6615
6616
6620
6621
6622
6627
6630
6633
6642
6644
6646
6650
6651
6653
6654
6655
6656
6657
6658
6660
6674
6676
6677
6678
6679
6680
6681
6683
6684
6687
6688
6689
6692
6693
6694
6695
6696
6698
6700
6702
6705
6707
6710
6711
6712
6713
6717
6718
6719
6720
6721
6722
6723
6725
6728
6729
6733
6734
6738
6739
6740
6741
6744
6746
6748
6749
6751
6752
6753
6758
6759
6760
6761
6763
6764
6767
6780
6781
6782
6783
6784
6785
6786
6787
6788
6789
6790
6791
6792
6800
6801
6808
6810
6812
6813
6820
6824
6825
6832
6833
6840
6841
6842
6843
6844
6845
6847
6848
6849
6850
6851
6852
6853
6854
6855
6856
6857
6858
6860
6861
6862
6863
6864
6865
6866
6867
6868
6870
6872
6877
6879
6881
6882
6884
6885
6887
6890
6891
6892
6894
6895
6896
6897
6898
6899
6900
6901
6902
6903
6907
6911
6912
6917
6921
6922
6925
6926
6927
6930
6931
6932
6933
6934
6935
6936
6937
6938
6939
6940
6941
6942
6943
6946
6947
6948
6950
6952
6953
6955
6956
6957
6958
6959
6960
6962
6964
6965
6966
6968
6969
6971
6972
6973
6974
6975
6976
6977
6980
6981
6982
6983
6984
6987
6989
6990
6991
6992
7000
7005
7006
7009
7010
7022
7023
7024
7025
7026
7027
7028
7029
7030
7032
7037
7038
7039
7042
7044
7045
7046
7047
7048
7049
7052
7053
7054
7059
7060
7063
7064
7066
7071
7072
7073
7074
7078
7079
7082
7084
7085
7090
7096
7100
7104
7110
7112
7114
7115
7117
7118
7122
7124
7125
7126
7127
7128
7129
7130
7131
7132
7133
7137
7138
7139
7140
7141
7142
7143
7144
7145
7147
7149
7150
7151
7152
7154
7156
7157
7164
7165
7168
7170
7172
7173
7175
7176
7177
7180
7182
7184
7186
7187
7188
7189
7190
7191
7194
7199
7208
7209
7210
7211
7212
7213
7214
7215
7216
7217
7219
7220
7221
7226
7228
7229
7230
7232
7235
7237
7238
7239
7240
7242
7245
7247
7248
7256
7257
7258
7259
7261
7264
7266
7268
7269
7272
7273
7274
7275
7276
7281
7282
7283
7284
7285
7286
7287
7289
7290
7291
7292
7293
7294
7295
7299
7301
7302
7303
7304
7305
7306
7311
7312
7313
7314
7315
7318
7320
7321
7322
7327
7329
7332
7334
7336
7337
7341
7343
7344
7345
7346
7347
7350
7351
7352
7354
7355
7364
7365
7366
7369
7370
7371
7372
7373
7374
7377
7378
7379
7380
7381
7386
7387
7390
7396
7397
7398
7399
7400
7408
7409
7412
7427
7428
7429
7430
7431
7434
7435
7438
7448
7450
7451
7454
7455
7456
7457
7458
7461
7462
7464
7465
7466
7467
7468
7471
7472
7474
7475
7476
7477
7479
7483
7484
7485
7486
7487
7488
7489
7490
7496
7499
7505
7509
7510
7511
7512
7514
7515
7516
7526
7531
7532
7533
7536
7538
7539
7540
7541
7543
7544
7545
7546
7547
7550
7551
7554
7555
7557
7558
7560
7561
7563
7564
7566
7567
7568
7569
7570
7571
7573
7574
7575
7576
7577
7578
7579
7580
7581
7582
7583
7584
7585
7587
7588
7590
7591
7592
7594
7603
7604
7605
7606
7608
7609
7610
7611
7613
7614
7617
7619
7621
7622
7632
7633
7635
7636
7638
7639
7640
7641
7645
7646
7647
7650
7655
7656
7658
7659
7660
7662
7663
7664
7666
7674
7675
7678
7679
7681
7682
7684
7685
7686
7688
7689
7690
7691
7692
7693
7694
7695
7697
7698
7700
7704
7708
7709
7710
7711
7713
7714
7717
7718
7722
7723
7724
7725
7726
7728
7729
7731
7732
7739
7744
7745
7750
7752
7757
7758
7760
7762
7763
7764
7768
7771
7772
7773
7774
7776
7777
7778
7785
7786
7787
7788
7794
7797
7798
7802
7803
7804
7806
7810
7812
7817
7820
7821
7826
7827
7828
7829
7832
7833
7834
7835
7836
7840
7842
7843
7846
7847
7848
7849
7850
7851
7852
7853
7855
7861
7865
7866
7868
7870
7872
7874
7876
7881
7882
7883
7890
7891
7892
7894
7895
7896
7897
7898
7899
7900
7901
7902
7903
7917
7921
7924
7926
7927
7928
7929
7933
7934
7935
7936
7939
7940
7941
7943
7944
7946
7947
7950
7951
7954
7955
7956
7957
7958
7960
7961
7962
7966
7974
7975
7976
7979
7980
7981
7984
7986
7989
7990
7991
7992
7993
7994
8005
8007
8008
8009
8013
8016
8017
8018
8019
8023
8024
8025
8026
8028
8030
8032
8033
8034
8035
8036
8037
8040
8041
8044
8045
8049
8056
8057
8058
8059
8061
8062
8063
8064
8065
8066
8068
8069
8072
8073
8074
8076
8081
8082
8085
8086
8087
8088
8089
8091
8092
8093
8100
8107
8108
8109
8110
8111
8112
8114
8123
8125
8126
8129
8130
8132
8137
8138
8142
8144
8145
8147
8152
8154
8155
8157
8158
8161
8162
8163
8167
8170
8171
8172
8173
8179
8180
8182
8184
8185
8187
8190
8194
8197
8198
8199
8202
8203
8204
8205
8206
8207
8208
8211
8222
8224
8225
8226
8229
8232
8233
8234
8239
8240
8241
8242
8244
8245
8246
8248
8249
8250
8251
8252
8253
8254
8258
8261
8262
8263
8264
8266
8267
8268
8269
8270
8273
8275
8277
8278
8279
8280
8281
8282
8284
8285
8286
8289
8290
8291
8292
8293
8294
8295
8296
8299
8300
8301
8302
8303
8304
8305
8306
8307
8308
8309
8311
8312
8313
8314
8315
8316
8320
8324
8325
8326
8337
8338
8339
8341
8342
8344
8345
8346
8349
8350
8353
8356
8360
8361
8362
8365
8369
8370
8372
8374
8376
8379
8381
8384
8386
8387
8388
8391
8395
8396
8397
8399
8400
8402
8403
8404
8407
8413
8414
8415
8416
8420
8424
8425
8429
8431
8432
8434
8435
8436
8437
8441
8442
8443
8447
8448
8450
8451
8452
8453
8454
8455
8456
8457
8459
8461
8463
8467
8468
8469
8470
8471
8472
8473
8474
8475
8477
8479
8481
8484
8485
8488
8495
8498
8500
8501
8502
8503
8504
8505
8507
8512
8513
8514
8517
8518
8519
8520
8521
8528
8529
8536
8541
8542
8543
8544
8545
8547
8550
8552
8553
8554
8557
8559
8561
8563
8565
8569
8570
8571
8573
8579
8580
8581
8583
8584
8585
8587
8589
8590
8593
8594
8600
8603
8604
8605
8606
8610
8613
8615
8624
8626
8627
8630
8631
8632
8633
8634
8635
8636
8637
8638
8639
8640
8642
8643
8644
8645
8646
8648
8650
8651
8652
8654
8655
8656
8657
8658
8659
8660
8661
8662
8666
8667
8668
8675
8676
8677
8680
8681
8683
8684
8685
8686
8687
8691
8692
8694
8696
8697
8698
8699
8704
8706
8707
8708
8709
8710
8711
8712
8718
8719
8721
8722
8723
8724
8725
8726
8727
8728
8729
8732
8733
8734
8744
8749
8756
8763
8766
8767
8768
8769
8773
8774
8778
8779
8780
8783
8785
8787
8788
8789
8790
8791
8792
8801
8808
8810
8811
8812
8818
8820
8825
8826
8827
8828
8835
8836
8837
8838
8839
8843
8845
8847
8848
8850
8851
8853
8855
8856
8857
8858
8862
8867
8869
8874
8881
8883
8884
8886
8888
8893
8897
8900
8905
8906
8907
8908
8910
8913
8914
8923
8924
8925
8930
8934
8935
8936
8937
8938
8940
8943
8945
8949
8950
8951
8952
8955
8956
8959
8960
8961
8964
8966
8967
8970
8971
8972
8973
8975
8977
8981
8982
8983
8984
8987
8990
8991
8993
8994
9000
9007
9008
9009
9010
9011
9013
9014
9018
9019
9020
9025
9026
9027
9028
9029
9031
9033
9039
9041
9042
9043
9044
9049
9050
9056
9057
9058
9059
9060
9062
9064
9067
9068
9071
9073
9074
9079
9080
9081
9083
9086
9087
9089
9090
9091
9092
9094
9095
9096
9097
9100
9101
9102
9104
9105
9106
9107
9116
9117
9118
9119
9120
9123
9126
9127
9128
9130
9131
9132
9135
9138
9139
9140
9141
9142
9143
9144
9148
9149
9150
9153
9154
9155
9156
9159
9161
9164
9166
9167
9169
9174
9178
9184
9185
9186
9187
9189
9194
9195
9196
9197
9199
9200
9203
9204
9205
9208
9217
9221
9222
9223
9224
9225
9226
9227
9228
9229
9233
9236
9242
9246
9247
9248
9250
9253
9256
9258
9259
9262
9263
9268
9269
9270
9272
9278
9279
9283
9286
9287
9288
9290
9301
9302
9304
9309
9311
9312
9313
9314
9321
9322
9325
9326
9328
9329
9330
9331
9332
9333
9336
9338
9343
9345
9346
9349
9350
9352
9353
9355
9356
9357
9359
9360
9361
9364
9365
9366
9367
9373
9375
9376
9378
9385
9386
9388
9389
9390
9393
9397
9398
9399
9403
9404
9405
9406
9407
9409
9410
9411
9415
9417
9418
9419
9420
9421
9422
9424
9426
9427
9428
9430
9431
9432
9434
9436
9447
9448
9449
9453
9454
9455
9459
9460
9461
9464
9467
9468
9469
9476
9477
9479
9480
9481
9482
9483
9484
9491
9492
9494
9497
9501
9503
9504
9506
9507
9508
9509
9510
9511
9512
9514
9515
9516
9517
9518
9519
9520
9521
9522
9530
9541
9542
9543
9545
9547
9548
9549
9552
9554
9561
9563
9565
9566
9568
9571
9574
9575
9578
9579
9581
9582
9583
9584
9585
9586
9590
9593
9594
9597
9601
9602
9603
9605
9606
9608
9609
9610
9611
9612
9613
9615
9616
9620
9621
9624
9625
9626
9627
9629
9630
9631
9632
9633
9641
9642
9644
9645
9647
9649
9654
9655
9659
9660
9669
9670
9671
9672
9679
9681
9685
9690
9695
9701
9702
9703
9704
9705
9709
9710
9712
9716
9717
9720
9723
9725
9729
9730
9731
9732
9738
9739
9740
9741
9742
9743
9744
9745
9746
9754
9757
9758
9764
9765
9768
9770
9771
9772
9774
9777
9779
9780
9781
9782
9783
9787
9788
9789
9790
9791
9794
9795
9797
9798
9799
9802
9804
9806
9807
9809
9812
9813
9814
9815
9816
9817
9818
9821
9822
9823
9825
9828
9829
9831
9832
9834
9844
9845
9847
9852
9856
9858
9859
9860
9861
9862
9863
9864
9865
9867
9869
9877
9878
9881
9882
9883
9888
9889
9890
9891
9892
9893
9897
9898
9899
9903
9905
9906
9908
9910
9911
9912
9913
9914
9915
9916
9920
9923
9924
9925
9926
9927
9931
9932
9934
9937
9938
9939
9940
9941
9944
9945
9946
9949
9953
9954
9956
9960
9964
9965
9966
9967
9969
9970
9974
9978
9979
9980
9981
9982
9990
9991
9993
9996
9997
9998
9999
10000
10003
10004
10005
10006
10007
10008
10010
10011
10014
10015
10016
10017
10018
10019
10020
10021
10022
10024
10025
10027
10031
10033
10035
10038
10039
10043
10044
10045
10046
10048
10049
10050
10051
10052
10053
10054
10055
10056
10060
10061
10070
10071
10072
10073
10074
10078
10079
10081
10082
10084
10085
10086
10105
10106
10112
10118
10119
10122
10123
10124
10125
10126
10127
10130
10131
10132
10136
10137
10138
10141
10146
10147
10149
10150
10152
10153
10157
10158
10159
10160
10162
10165
10167
10168
10171
10173
10181
10185
10189
10190
10193
10196
10197
10198
10201
10204
10205
10209
10210
10211
10212
10213
10214
10215
10216
10217
10218
10219
10221
10222
10224
10228
10229
10232
10233
10234
10239
10240
10243
10244
10245
10246
10247
10249
10250
10254
10255
10256
10257
10258
10260
10262
10263
10264
10265
10270
10271
10272
10273
10274
10276
10280
10283
10284
10285
10287
10288
10292
10293
10299
10300
10302
10303
10308
10309
10310
10315
10316
10318
10321
10322
10327
10328
10329
10330
10331
10332
10333
10339
10341
10343
10344
10345
10347
10348
10350
10351
10352
10353
10356
10357
10358
10359
10360
10361
10363
10370
10371
10373
10374
10376
10379
10383
10386
10387
10388
10390
10394
10400
10401
10402
10407
10410
10412
10413
10417
10418
10419
10420
10421
10422
10424
10425
10427
10430
10431
10432
10434
10437
10442
10443
10444
10451
10452
10453
10454
10467
10469
10470
10472
10473
10474
10475
10476
10482
10483
10484
10485
10486
10487
10488
10489
10490
10491
10492
10494
10495
10496
10497
10500
10501
10502
10503
10504
10505
10506
10508
10510
10511
10513
10514
10515
10516
10520
10522
10525
10526
10528
10530
10531
10533
10534
10535
10536
10537
10540
10542
10543
10545
10547
10549
10555
10556
10557
10559
10560
10562
10565
10567
10568
10569
10570
10574
10575
10576
10577
10578
10579
10580
10582
10583
10584
10586
10587
10588
10589
10594
10595
10596
10597
10598
10599
10601
10602
10603
10604
10605
10606
10608
10609
10610
10614
10616
10617
10619
10621
10622
10623
10624
10625
10629
10630
10631
10632
10633
10634
10637
10639
10640
10641
10644
10645
10646
10647
10648
10649
10651
10652
10653
10655
10658
10659
10662
10663
10664
10665
10666
10667
10669
10671
10675
10679
10680
10681
10682
10683
10684
10685
10686
10687
10688
10689
10695
10697
10698
10699
10700
10701
10703
10705
10706
10707
10709
10710
10711
10719
10721
10722
10724
10727
10728
10732
10733
10735
10736
10737
10738
10739
10741
10742
10746
10747
10751
10752
10756
10759
10760
10766
10767
10768
10769
10770
10772
10773
10774
10776
10781
10782
10784
10786
10787
10791
10792
10793
10794
10795
10800
10801
10802
10805
10806
10807
10810
10811
10819
10821
10822
10824
10825
10826
10832
10833
10835
10836
10838
10839
10840
10841
10842
10843
10845
10846
10847
10848
10855
10856
10858
10859
10865
10867
10869
10870
10871
10873
10874
10875
10881
10883
10886
10888
10889
10890
10891
10895
10897
10899
10900
10902
10903
10904
10906
10908
10910
10911
10913
10917
10919
10920
10922
10923
10924
10926
10927
10928
10929
10934
10936
10937
10943
10946
10948
10949
10950
10954
10955
10962
10963
10964
10968
10969
10973
10977
10978
10979
10980
10981
10984
10985
10986
10988
10989
10991
10994
10995
10996
10997
10998
10999
11000
11001
11002
11004
11005
11006
11010
11014
11015
11021
11023
11026
11027
11028
11029
11031
11034
11035
11036
11044
11045
11046
11048
11049
11051
11060
11061
11062
11063
11064
11065
11066
11067
11068
11069
11071
11082
11083
11086
11090
11093
11094
11095
11096
11097
11098
11099
11101
11104
11106
11107
11108
11110
11112
11113
11115
11116
11119
11126
11132
11135
11142
11143
11146
11147
11148
11152
11153
11158
11160
11161
11163
11164
11168
11169
11170
11171
11172
11178
11182
11183
11184
11185
11191
11193
11195
11196
11197
11199
11203
11204
11208
11212
11214
11215
11218
11221
11223
11225
11226
11227
11230
11231
11232
11233
11235
11236
11237
11238
11240
11241
11242
11243
11244
11246
11248
11249
11250
11251
11253
11254
11255
11257
11258
11259
11263
11267
11270
11271
11274
11277
11278
11279
11284
11288
11289
11290
11294
11295
11296
11297
11298
11302
11307
11308
11310
11315
11316
11317
11318
11319
11321
11322
11330
11331
11332
11333
11334
11335
11341
11342
11343
11344
11345
11347
11348
11349
11350
11354
11355
11356
11357
11359
11361
11362
11363
11364
11365
11366
11372
11374
11377
11380
11382
11384
11385
11387
11389
11391
11392
11393
11394
11396
11397
11398
11400
11401
11407
11408
11415
11419
11422
11424
11425
11426
11427
11431
11432
11433
11434
11435
11436
11437
11438
11441
11442
11444
11445
11447
11448
11451
11452
11453
11454
11455
11456
11457
11459
11464
11470
11473
11475
11476
11477
11478
11481
11482
11483
11484
11485
11486
11487
11488
11489
11493
11500
11501
11504
11505
11508
11509
11510
11511
11512
11513
11514
11517
11518
11523
11526
11527
11528
11529
11530
11531
11532
11534
11535
11539
11542
11543
11544
11545
11547
11548
11550
11551
11552
11553
11554
11555
11556
11557
11558
11559
11560
11562
11563
11565
11567
11569
11570
11571
11572
11573
11575
11579
11580
11582
11585
11591
11592
11596
11597
11598
11599
11600
11601
11602
11603
11607
11608
11610
11613
11614
11615
11616
11620
11626
11628
11634
11642
11643
11646
11648
11649
11650
11651
11652
11655
11657
11662
11663
11664
11667
11669
11670
11671
11672
11674
11676
11677
11680
11683
11686
11691
11692
11693
11694
11698
11699
11700
11701
11703
11704
11706
11707
11708
11709
11711
11716
11717
11722
11729
11730
11731
11732
11734
11737
11739
11741
11742
11750
11751
11754
11758
11759
11760
11763
11764
11765
11766
11767
11768
11770
11772
11773
11774
11776
11777
11778
11779
11784
11788
11789
11790
11794
11795
11796
11798
11805
11807
11810
11812
11813
11814
11815
11817
11818
11819
11830
11831
11836
11847
11848
11854
11860
11863
11868
11869
11870
11871
11872
11873
11875
11876
11877
11878
11880
11881
11884
11885
11886
11887
11889
11890
11893
11894
11895
11897
11903
11906
11907
11908
11910
11911
11913
11916
11918
11920
11921
11922
11925
11926
11927
11928
11937
11940
11941
11944
11946
11947
11948
11949
11954
11955
11956
11957
11958
11959
11960
11961
11962
11965
11966
11967
11968
11972
11973
11974
11975
11976
11982
11983
11993
11994
11997
11998
11999
12002
12003
12004
12005
12012
12015
12020
12021
12022
12023
12024
12025
12026
12027
12028
12029
12030
12031
12032
12037
12038
12042
12043
12044
12045
12046
12050
12051
12052
12053
12054
12055
12062
12067
12068
12069
12070
12072
12073
12076
12079
12081
12090
12093
12095
12100
12103
12104
12105
12106
12107
12108
12109
12110
12115
12119
12123
12131
12133
12135
12136
12137
12138
12139
12140
12141
12142
12144
12145
12146
12149
12152
12153
12155
12156
12157
12158
12159
12160
12162
12163
12165
12167
12169
12170
12171
12179
12180
12181
12182
12183
12184
12185
12186
12187
12189
12190
12191
12192
12193
12195
12200
12201
12203
12206
12208
12210
12211
12212
12215
12218
12224
12225
12226
12227
12228
12229
12230
12231
12234
12241
12242
12243
12245
12250
12252
12253
12256
12257
12268
12269
12270
12276
12280
12281
12282
12284
12285
12286
12288
12289
12293
12295
12298
12299
12300
12302
12304
12305
12306
12307
12308
12310
12311
12312
12316
12318
12320
12322
12323
12324
12328
12334
12338
12345
12346
12347
12348
12349
12350
12352
12354
12357
12359
12360
12361
12362
12365
12366
12367
12368
12372
12373
12380
12381
12382
12383
12384
12385
12386
12387
12388
12392
12395
12400
12402
12405
12406
12407
12408
12409
12412
12413
12414
12416
12420
12422
12425
12426
12427
12428
12429
12430
12432
12433
12434
12435
12436
12437
12438
12439
12441
12445
12446
12447
12449
12450
12451
12452
12454
12455
12459
12461
12463
12465
12467
12468
12469
12473
12475
12478
12480
12481
12482
12483
12485
12486
12492
12496
12499
12503
12507
12511
12512
12516
12517
12527
12530
12531
12534
12535
12539
12540
12541
12542
12543
12544
12547
12548
12553
12558
12567
12576
12577
12578
12579
12580
12581
12582
12586
12589
12595
12596
12598
12604
12605
12612
12613
12623
12624
12625
12626
12627
12628
12630
12631
12632
12633
12634
12635
12636
12637
12638
12643
12644
12650
12651
12652
12654
12655
12656
12657
12658
12659
12660
12662
12681
12683
12684
12690
12698
12699
12700
12703
12704
12705
12706
12707
12708
12709
12713
12714
12715
12718
12719
12723
12724
12725
12729
12735
12739
12741
12744
12745
12747
12749
12750
12751
12752
12753
12754
12755
12756
12758
12760
12761
12762
12770
12771
12772
12773
12774
12775
12776
12777
12778
12779
12780
12781
12782
12784
12785
12787
12788
12789
12790
12791
12792
12794
12795
12796
12798
12799
12801
12802
12810
12814
12817
12818
12819
12820
12821
12822
12824
12825
12826
12827
12828
12831
12832
12833
12834
12835
12836
12837
12838
12842
12844
12845
12846
12852
12855
12856
12859
12861
12863
12864
12865
12868
12869
12872
12874
12876
12878
12879
12880
12881
12883
12886
12887
12888
12890
12905
12906
12907
12909
12911
12917
12919
12921
12922
12926
12930
12937
12938
12939
12940
12941
12943
12945
12946
12949
12950
12951
12954
12955
12956
12957
12958
12959
12960
12962
12963
12965
12966
12968
12969
12970
12973
12979
12981
12982
12989
12994
12996
12997
12998
12999
13000
13001
13002
13003
13005
13007
13008
13009
13011
13015
13016
13017
13019
13020
13025
13028
13030
13031
13032
13033
13036
13040
13042
13043
13050
13051
13052
13053
13055
13056
13060
13061
13062
13063
13064
13072
13076
13079
13082
13084
13087
13089
13096
13098
13099
13103
13106
13107
13111
13112
13116
13118
13119
13121
13123
13127
13132
13133
13136
13137
13139
13140
13141
13142
13146
13149
13152
13153
13154
13156
13157
13158
13160
13163
13165
13166
13167
13168
13171
13172
13173
13174
13177
13178
13179
13180
13181
13183
13184
13187
13188
13189
13191
13196
13197
13198
13199
13200
13201
13207
13209
13210
13211
13216
13217
13218
13221
13222
13223
13224
13228
13229
13230
13233
13234
13235
13236
13238
13251
13252
13253
13254
13255
13256
13258
13261
13262
13263
13264
13265
13267
13268
13269
13270
13273
13285
13287
13291
13292
13294
13295
13297
13298
13300
13301
13303
13307
13308
13309
13310
13316
13317
13318
13320
13322
13327
13330
13331
13332
13334
13335
13337
13340
13344
13350
13351
13352
13356
13357
13358
13359
13360
13363
13364
13367
13368
13369
13373
13374
13376
13377
13378
13379
13380
13381
13382
13383
13385
13389
13391
13392
13393
13394
13398
13399
13406
13407
13408
13410
13411
13412
13414
13416
13417
13420
13421
13422
13423
13424
13425
13426
13427
13428
13432
13435
13439
13441
13442
13443
13457
13458
13459
13460
13462
13463
13466
13469
13474
13475
13483
13484
13486
13487
13493
13495
13496
13498
13499
13501
13502
13503
13504
13506
13507
13508
13512
13513
13516
13517
13518
13519
13521
13523
13524
13526
13527
13529
13530
13531
13532
13533
13536
13539
13542
13545
13546
13547
13549
13550
13551
13552
13553
13556
13557
13562
13563
13565
13570
13571
13572
13573
13574
13575
13577
13583
13584
13585
13590
13595
13596
13599
13600
13605
13607
13608
13609
13610
13611
13612
13614
13615
13616
13618
13619
13621
13623
13624
13625
13627
13629
13630
13631
13632
13633
13634
13635
13637
13638
13639
13643
13644
13647
13648
13649
13650
13651
13652
13656
13657
13659
13660
13662
13663
13664
13665
13666
13670
13671
13672
13674
13675
13676
13677
13678
13686
13687
13688
13689
13690
13691
13692
13693
13694
13695
13697
13701
13702
13703
13704
13706
13707
13709
13733
13735
13736
13737
13740
13742
13743
13744
13745
13748
13755
13756
13765
13766
13767
13768
13769
13770
13771
13772
13773
13774
13775
13776
13780
13781
13782
13784
13787
13788
13789
13790
13795
13796
13798
13799
13801
13802
13803
13805
13808
13810
13821
13822
13823
13825
13826
13833
13834
13835
13836
13837
13846
13847
13849
13850
13855
13856
13857
13858
13859
13860
13861
13862
13863
13864
13865
13866
13867
13868
13869
13870
13871
13875
13876
13877
13878
13879
13882
13883
13884
13887
13888
13889
13890
13891
13892
13895
13896
13897
13898
13899
13900
13901
13902
13905
13906
13909
13912
13914
13915
13918
13920
13921
13924
13925
13928
13929
13933
13935
13936
13937
13939
13940
13941
13942
13943
13955
13956
13957
13958
13960
13962
13965
13969
13970
13971
13972
13974
13975
13976
13977
13979
13981
13983
13986
13987
13989
13990
13992
13993
13996
13998
13999
14007
14010
14011
14012
14013
14015
14016
14017
14018
14019
14020
14021
14023
14024
14025
14026
14027
14028
14029
14030
14033
14034
14035
14041
14043
14044
14045
14046
14047
14048
14049
14051
14052
14054
14056
14063
14068
14069
14070
14072
14075
14079
14083
14084
14085
14087
14088
14089
14092
14096
14100
14107
14110
14112
14118
14119
14120
14121
14122
14123
14126
14128
14129
14131
14133
14139
14146
14147
14149
14150
14152
14153
14155
14157
14166
14168
14169
14170
14174
14176
14180
14182
14184
14186
14187
14188
14191
14192
14193
14197
14210
14219
14220
14221
14224
14225
14226
14231
14232
14234
14235
14236
14237
14238
14239
14240
14241
14242
14243
14244
14251
14253
14254
14255
14257
14265
14267
14271
14273
14274
14275
14276
14278
14279
14280
14289
14293
14294
14295
14296
14297
14298
14299
14300
14301
14307
14308
14309
14313
14316
14317
14318
14319
14320
14321
14322
14323
14325
14326
14328
14329
14330
14332
14333
14335
14336
14338
14339
14340
14346
14347
14349
14350
14351
14352
14354
14355
14356
14359
14361
14368
14370
14371
14372
14376
14377
14378
14379
14384
14386
14387
14393
14394
14395
14396
14397
14398
14400
14403
14404
14406
14408
14409
14412
14413
14415
14418
14419
14420
14421
14423
14426
14434
14438
14440
14442
14443
14444
14445
14450
14452
14453
14454
14456
14457
14459
14460
14462
14463
14464
14465
14466
14467
14468
14469
14470
14471
14472
14475
14476
14477
14478
14479
14480
14483
14484
14488
14490
14491
14494
14502
14505
14511
14512
14515
14517
14518
14526
14528
14534
14537
14539
14546
14549
14553
14554
14555
14557
14558
14559
14567
14570
14574
14575
14578
14579
14581
14584
14585
14589
14593
14594
14595
14601
14603
14604
14605
14611
14612
14614
14615
14617
14620
14622
14624
14625
14628
14629
14635
14636
14639
14643
14644
14645
14646
14649
14654
14655
14656
14657
14659
14661
14663
14666
14667
14670
14673
14675
14676
14678
14679
14680
14681
14682
14684
14686
14687
14688
14689
14694
14715
14716
14717
14718
14719
14721
14726
14728
14729
14730
14734
14736
14737
14738
14740
14742
14744
14747
14748
14753
14755
14756
14757
14758
14763
14764
14773
14776
14777
14778
14779
14784
14785
14786
14789
14790
14791
14792
14795
14801
14803
14805
14806
14808
14809
14810
14812
14813
14814
14815
14816
14818
14820
14821
14823
14824
14825
14827
14828
14832
14833
14837
14838
14839
14840
14843
14844
14845
14852
14854
14856
14865
14868
14872
14875
14879
14883
14884
14885
14887
14888
14889
14890
14891
14892
14893
14894
14900
14901
14902
14903
14904
14906
14909
14912
14915
14916
14917
14927
14928
14930
14931
14932
14933
14934
14935
14936
14937
14938
14939
14943
14945
14946
14947
14948
14950
14951
14953
14954
14955
14962
14963
14964
14966
14969
14970
14971
14972
14974
14978
14979
14981
14982
14983
14987
14988
14992
14993
14994
14995
14996
15001
15004
15006
15007
15010
15011
15015
15017
15018
15019
15021
15022
15023
15024
15027
15029
15031
15034
15036
15037
15038
15041
15044
15045
15046
15049
15051
15052
15053
15054
15055
15056
15057
15058
15060
15061
15064
15065
15066
15067
15071
15074
15083
15085
15086
15087
15094
15099
15106
15107
15112
15113
15115
15116
15117
15119
15120
15121
15124
15125
15127
15130
15133
15137
15138
15144
15147
15148
15150
15151
15152
15153
15154
15161
15162
15163
15164
15167
15168
15169
15172
15175
15178
15184
15185
15186
15187
15196
15199
15201
15202
15204
15205
15209
15210
15211
15213
15216
15224
15229
15230
15238
15240
15253
15254
15258
15260
15265
15270
15271
15273
15274
15276
15277
15278
15280
15281
15282
15283
15284
15292
15294
15300
15301
15302
15303
15304
15305
15307
15308
15309
15312
15314
15315
15316
15317
15322
15323
15324
15328
15330
15331
15332
15333
15334
15335
15336
15337
15341
15342
15345
15347
15350
15352
15353
15358
15359
15360
15363
15367
15370
15373
15374
15375
15376
15377
15381
15382
15388
15389
15395
15401
15403
15404
15405
15407
15409
15410
15411
15412
15421
15423
15424
15426
15427
15428
15430
15431
15432
15446
15447
15451
15455
15456
15457
15458
15461
15481
15482
15483
15485
15486
15490
15492
15493
15494
15496
15497
15499
15501
15503
15504
15505
15507
15513
15520
15521
15523
15531
15532
15533
15536
15543
15544
15551
15552
15553
15554
15558
15560
15561
15562
15565
15566
15567
15568
15569
15570
15571
15574
15576
15577
15578
15582
15584
15585
15586
15589
15590
15591
15592
15596
15598
15606
15609
15610
15611
15613
15614
15619
15620
15621
15622
15623
15624
15625
15627
15628
15630
15633
15634
15635
15637
15638
15640
15642
15643
15644
15645
15647
15649
15650
15653
15655
15659
15660
15662
15664
15665
15668
15672
15675
15676
15680
15681
15682
15683
15684
15685
15686
15687
15688
15689
15691
15692
15695
15696
15697
15698
15699
15700
15701
15703
15705
15707
15708
15716
15717
15719
15720
15721
15722
15723
15729
15730
15739
15741
15742
15747
15748
15749
15751
15753
15754
15755
15756
15761
15763
15764
15765
15768
15769
15770
15771
15774
15775
15778
15779
15781
15782
15785
15786
15787
15788
15789
15791
15792
15794
15795
15796
15797
15798
15803
15809
15813
15817
15818
15819
15824
15826
15827
15829
15832
15833
15834
15835
15841
15844
15847
15856
15857
15858
15861
15862
15863
15866
15869
15872
15873
15874
15876
15880
15881
15882
15883
15884
15887
15888
15889
15890
15893
15894
15895
15897
15898
15901
15902
15903
15904
15905
15909
15910
15912
15914
15915
15916
15921
15924
15926
15928
15929
15933
15934
15936
15938
15940
15943
15944
15945
15947
15948
15949
15950
15958
15959
15960
15962
15963
15964
15965
15967
15973
15974
15975
15976
15977
15978
15979
15980
15981
15982
15984
15985
15986
15987
15988
15990
15992
15994
16002
16003
16004
16005
16007
16008
16009
16010
16011
16013
16014
16021
16022
16023
16025
16026
16027
16028
16037
16041
16042
16044
16045
16046
16051
16052
16053
16054
16055
16057
16058
16059
16060
16061
16062
16064
16065
16066
16067
16071
16072
16073
16074
16075
16076
16077
16078
16079
16080
16081
16088
16089
16090
16091
16092
16093
16094
16097
16099
16100
16101
16102
16103
16105
16108
16121
16124
16126
16127
16134
16135
16138
16139
16141
16142
16143
16144
16145
16146
16147
16148
16149
16150
16166
16167
16173
16183
16189
16198
16206
16207
16212
16213
16216
16217
16219
16220
16221
16224
16225
16227
16228
16229
16230
16231
16234
16236
16237
16238
16240
16242
16245
16246
16247
16248
16249
16250
16252
16253
16255
16256
16257
16258
16259
16260
16262
16274
16278
16279
16287
16290
16293
16297
16299
16300
16301
16302
16303
16304
16305
16306
16310
16311
16312
16314
16315
16316
16317
16319
16321
16323
16324
16327
16328
16330
16333
16344
16345
16348
16350
16353
16355
16356
16358
16360
16361
16362
16364
16365
16366
16367
16368
16372
16373
16374
16385
16387
16399
16400
16409
16411
16415
16416
16418
16419
16420
16421
16440
16445
16446
16451
16453
16455
16458
16459
16461
16462
16465
16467
16468
16469
16472
16474
16475
16477
16478
16481
16482
16483
16492
16493
16494
16497
16498
16499
16501
16502
16503
16504
16505
16506
16507
16508
16509
16510
16511
16513
16514
16515
16516
16519
16523
16524
16525
16527
16528
16529
16530
16532
16533
16534
16535
16536
16539
16541
16542
16543
16545
16546
16547
16548
16549
16550
16551
16552
16554
16555
16556
16557
16558
16561
16564
16565
16568
16569
16572
16573
16574
16577
16578
16579
16580
16581
16582
16583
16584
16586
16587
16588
16589
16590
16591
16592
16594
16595
16596
16597
16598
16599
16600
16601
16602
16603
16604
16605
16607
16608
16609
16610
16611
16612
16613
16614
16616
16617
16619
16620
16621
16622
16625
16627
16628
16629
16630
16631
16632
16633
16634
16635
16636
16638
16639
16640
16641
16642
16644
16645
16646
16647
16648
16649
16650
16652
16653
16654
16655
16656
16658
16659
16660
16662
16663
16669
16670
16676
16677
16685
16688
16691
16692
16694
16697
16702
16705
16706
16707
16708
16709
16711
16713
16714
16716
16719
16720
16722
16726
16728
16733
16734
16735
16736
16738
16739
16740
16741
16742
16743
16744
16745
16747
16748
16749
16750
16752
16753
16755
16758
16759
16760
16762
16766
16770
16771
16772
16773
16780
16782
16785
16786
16787
16788
16789
16790
16792
16793
16794
16795
16796
16798
16799
16803
16804
16810
16811
16813
16814
16815
16816
16817
16818
16819
16820
16821
16822
16823
16824
16826
16827
16828
16829
16830
16832
16833
16834
16835
16836
16837
16838
16839
16841
16842
16843
16844
16845
16846
16849
16852
16853
16856
16858
16860
16862
16863
16865
16866
16868
16872
16876
16877
16878
16879
16880
16881
16882
16884
16885
16887
16888
16889
16890
16891
16892
16894
16895
16896
16897
16898
16899
16900
16901
16902
16903
16904
16905
16906
16907
16908
16910
16911
16912
16913
16915
16916
16917
16920
16921
16922
16923
16924
16925
16926
16927
16928
16929
16930
16931
16932
16933
16935
16936
16937
16938
16940
16942
16943
16944
16945
16946
16947
16949
16950
16951
16952
16954
16955
16956
16957
16958
16960
16963
16964
16966
16968
16969
16970
16971
16975
16976
16977
16979
16980
16982
16983
16984
16985
16986
16987
16988
16989
16990
16991
16992
16993
16994
16995
16996
16997
16998
16999
17000
17001
17002
17003
17004
17005
17006
17007
17008
17009
17010
17011
17012
17013
17016
17017
17018
17020
17021
17022
17023
17025
17026
17028
17029
17030
17031
17032
17033
17034
17036
17037
17038
17039
17040
17041
17043
17044
17045
17046
17047
17048
17049
17050
17054
17056
17057
17061
17063
17064
17066
17067
17068
17070
17072
17073
17076
17077
17079
17080
17081
17082
17083
17084
17086
17087
17088
17089
17091
17092
17093
17094
17096
17097
17098
17099
17104
17106
17107
17108
17110
17111
17112
17114
17115
17116
17117
17118
17121
17122
17123
17124
17125
17126
17127
17130
17131
17132
17133
17135
17138
17139
17140
17141
17142
17143
17144
17145
17147
17148
17149
17151
17152
17167
17172
17173
17176
17178
17179
17180
17181
17183
17184
17185
17186
17188
17191
17192
17193
17195
17196
17199
17200
17201
17204
17206
17207
17208
17209
17211
17212
17213
17214
17217
17218
17219
17220
17221
17222
17224
17225
17226
17229
17231
17232
17233
17234
17235
17236
17237
17239
17240
17241
17242
17243
17244
17245
17246
17247
17248
17249
17250
17251
17253
17255
17256
17258
17259
17260
17262
17263
17264
17265
17266
17268
17270
17271
17273
17274
17275
17277
17278
17279
17280
17281
17282
17283
17284
17285
17286
17287
17288
17289
17290
17292
17293
17294
17295
17296
17297
17300
17301
17304
17305
17306
17311
17312
17314
17315
17316
17317
17318
17319
17320
17322
17323
17324
17325
17326
17328
17329
17331
17332
17333
17334
17335
17336
17337
17340
17341
17342
17344
17346
17347
17351
17356
17357
17358
17359
17360
17361
17362
17363
17364
17365
17366
17367
17368
17369
17370
17372
17373
17374
17375
17376
17381
17383
17384
17385
17388
17389
17390
17391
17392
17393
17394
17396
17397
17398
17399
17400
17401
17402
17403
17404
17406
17407
17408
17409
17411
17420
17422
17427
17429
17430
17431
17432
17433
17434
17435
17436
17437
17446
17450
17468
17472
17474
17479
17480
17482
17488
17489
17490
17491
17492
17493
17495
17496
17497
17498
17500
17501
17502
17507
17508
17509
17510
17511
17512
17513
17514
17516
17517
17518
17520
17521
17524
17525
17526
17529
17531
17537
17539
17562
17570
17571
17572
17573
17574
17575
17577
17578
17579
17580
17582
17585
17587
17589
17593
17594
17595
17596
17597
17602
17604
17605
17606
17609
17610
17611
17612
17613
17614
17615
17616
17617
17618
17619
17620
17621
17623
17625
17627
17628
17629
17630
17631
17634
17635
17636
17637
17638
17642
17644
17645
17648
17649
17650
17651
17655
17656
17657
17658
17670
17674
17676
17678
17679
17680
17690
17691
17692
17696
17699
17704
17706
17707
17708
17709
17710
17714
17715
17716
17721
17723
17724
17726
17728
17729
17730
17731
17736
17737
17741
17742
17743
17744
17745
17747
17749
17750
17751
17752
17753
17754
17755
17756
17757
17758
17759
17760
17761
17762
17763
17765
17766
17767
17768
17769
17770
17771
17772
17773
17774
17775
17776
17777
17778
17779
17780
17781
17782
17783
17784
17785
17786
17787
17788
17789
17790
17791
17793
17794
17795
17796
17797
17798
17799
17800
17803
17804
17805
17806
17807
17808
17809
17810
17811
17812
17814
17815
17816
17817
17818
17819
17820
17821
17822
17823
17824
17825
17826
17827
17828
17831
17832
17834
17835
17836
17837
17839
17840
17841
17842
17843
17844
17845
17846
17847
17848
17849
17850
17851
17852
17853
17854
17855
17858
17859
17860
17861
17862
17863
17864
17865
17866
17867
17868
17869
17870
17871
17872
17873
17874
17875
17876
17877
17878
17879
17880
17881
17882
17883
17884
17885
17886
17887
17888
17889
17890
17891
17892
17893
17894
17895
17896
17898
17899
17900
17901
17902
17903
17904
17905
17906
17907
17908
17909
17910
17911
17912
17913
17914
17915
17916
17917
17918
17919
17920
17921
17922
17923
17925
17926
17927
17928
17929
17930
17931
17932
17934
17936
17937
17938
17939
17940
17941
17942
17943
17944
17945
17946
17947
17948
17949
17950
17951
17952
17953
17954
17955
17956
17957
17958
17959
17960
17961
17962
17963
17964
17965
17973
17974
17975
17976
17980
17981
17983
17984
17985
17989
17990
17992
17993
17994
17995
17996
17997
17998
17999
18001
18004
18005
18006
18007
18009
18010
18011
18012
18014
18020
18021
18022
18026
18027
18028
18031
18033
18034
18035
18041
18042
18043
18044
18046
18047
18050
18051
18053
18054
18056
18058
18061
18062
18063
18065
18066
18068
18070
18072
18073
18074
18075
18076
18077
18078
18079
18080
18081
18082
18083
18084
18085
18086
18091
18092
18093
18094
18095
18096
18097
18098
18099
18100
18107
18108
18110
18112
18113
18114
18115
18117
18118
18119
18120
18121
18122
18125
18126
18127
18128
18132
18133
18134
18135
18137
18139
18140
18142
18143
18148
18149
18151
18152
18154
18155
18159
18160
18161
18162
18163
18164
18165
18170
18171
18173
18175
18177
18178
18179
18180
18184
18185
18187
18189
18190
18192
18193
18194
18195
18196
18199
18200
18201
18202
18203
18206
18207
18210
18211
18213
18215
18217
18220
18222
18223
18229
18230
18231
18232
18233
18238
18240
18242
18247
18250
18251
18253
18254
18256
18259
18262
18263
18265
18266
18267
18269
18270
18271
18273
18277
18279
18281
18282
18286
18287
18288
18289
18293
18294
18296
18298
18300
18302
18303
18306
18310
18311
18312
18313
18314
18315
18316
18317
18320
18322
18329
18330
18331
18337
18338
18339
18340
18341
18344
18345
18346
18347
18348
18349
18350
18351
18352
18354
18356
18357
18359
18360
18366
18367
18368
18369
18374
18375
18376
18377
18378
18379
18381
18383
18384
18385
18386
18388
18389
18390
18394
18397
18398
18401
18402
18403
18404
18406
18408
18409
18410
18411
18412
18413
18414
18415
18416
18420
18421
18422
18424
18425
18426
18427
18428
18429
18430
18431
18432
18433
18437
18439
18440
18441
18443
18444
18446
18447
18448
18449
18451
18452
18454
18455
18456
18457
18458
18459
18460
18462
18463
18464
18465
18471
18472
18473
18474
18475
18476
18478
18479
18484
18485
18486
18492
18493
18495
18497
18498
18499
18500
18501
18502
18503
18504
18508
18511
18512
18514
18515
18517
18518
18519
18520
18523
18525
18526
18530
18531
18532
18533
18537
18538
18540
18543
18544
18545
18546
18549
18551
18552
18553
18554
18555
18556
18559
18561
18563
18564
18565
18566
18567
18569
18570
18571
18572
18573
18575
18577
18578
18579
18580
18581
18584
18585
18586
18587
18588
18589
18590
18591
18592
18597
18598
18600
18602
18605
18606
18611
18612
18616
18618
18621
18625
18626
18627
18632
18633
18636
18637
18638
18640
18641
18642
18644
18645
18647
18648
18651
18652
18654
18656
18658
18662
18666
18667
18668
18669
18670
18672
18673
18674
18677
18679
18680
18682
18683
18685
18686
18687
18690
18691
18692
18693
18694
18695
18696
18697
18699
18700
18701
18704
18705
18706
18707
18710
18711
18712
18713
18717
18720
18722
18726
18727
18730
18731
18732
18733
18734
18735
18736
18737
18738
18746
18748
18750
18751
18752
18754
18756
18757
18760
18765
18767
18768
18769
18770
18771
18775
18776
18777
18780
18781
18782
18787
18789
18790
18791
18792
18794
18797
18798
18800
18801
18804
18805
18807
18808
18809
18810
18811
18813
18814
18815
18828
18829
18830
18832
18833
18834
18835
18836
18837
18847
18855
18857
18858
18860
18861
18862
18863
18864
18866
18867
18868
18869
18876
18877
18878
18880
18883
18886
18887
18888
18889
18891
18892
18893
18895
18900
18901
18906
18907
18908
18909
18911
18912
18913
18914
18918
18920
18921
18930
18933
18936
18937
18952
18955
18956
18971
18987
18989
18992
18993
18994
18995
18996
18997
18998
18999
19000
19001
19007
19008
19009
19010
19011
19012
19013
19014
19015
19018
19019
19021
19023
19024
19025
19029
19030
19031
19035
19036
19037
19039
19040
19041
19070
19071
19076
19077
19078
19079
19082
19083
19084
19087
19089
19092
19094
19100
19101
19102
19114
19117
19120
19154
19156
19157
19161
19162
19166
19167
19168
19169
19174
19175
19177
19180
19181
19182
19183
19184
19185
19188
19191
19192
19196
19198
19202
19203
19204
19205
19209
19210
19211
19216
19219
19223
19224
19225
19226
19227
19228
19234
19243
19244
19245
19247
19248
19250
19252
19253
19254
19255
19257
19258
19259
19260
19274
19279
19280
19282
19283
19289
19291
19292
19293
19297
19298
19299
19300
19302
19303
19306
19310
19311
19313
19314
19317
19318
19320
19322
19323
19324
19328
19329
19331
19334
19335
19337
19338
19339
19342
19343
19344
19345
19346
19347
19350
19353
19354
19355
19356
19358
19359
19360
19361
19364
19366
19367
19368
19369
19370
19372
19373
19374
19375
19376
19377
19378
19379
19380
19381
19382
19383
19384
19385
19386
19387
19388
19389
19390
19391
19393
19394
19395
19396
19397
19398
19399
19402
19405
19406
19411
19414
19415
19416
19417
19420
19422
19423
19424
19426
19428
19431
19434
19435
19436
19437
19440
19442
19443
19444
19445
19446
19447
19448
19449
19453
19455
19458
19459
19460
19462
19463
19467
19579
19580
19581
19582
19584
19586
19587
19590
19591
19593
19594
19595
19596
19597
19598
19605
19607
19610
19611
19612
19613
19670
19684
19687
19691
19692
19693
19695
19698
19699
19701
19704
19707
19710
19715
19717
19718
19719
19721
19722
19725
19727
19728
19729
19730
19731
19732
19734
19735
19736
19737
19738
19739
19741
19742
19743
19744
19745
19746
19747
19748
19749
19750
19751
19752
19753
19754
19755
19756
19758
19759
19760
19761
19762
19763
19764
19765
19766
19767
19769
19770
19771
19772
19774
19775
19776
19778
19779
19781
19782
19783
19784
19785
19786
19787
19788
19791
19793
19794
19797
19798
19799
19800
19804
19806
19807
19808
19809
19811
19812
19813
19814
19815
19817
19818
19819
19820
19825
19827
19828
19831
19835
19836
19838
19840
19841
19842
19845
19846
19847
19848
19849
19850
19851
19852
19853
19854
19856
19857
19858
19859
19863
19864
19865
19866
19867
19870
19872
19873
19875
19878
19879
19880
19881
19882
19883
19884
19885
19886
19888
19889
19890
19892
19893
19894
19895
19898
19899
19915
19916
19917
19920
19924
19925
19926
19947
19949
19953
19954
20072
20073
20074
20076
20078
20079
20080
20083
20084
20088
20089
20095
20096
20099
20103
20106
20108
20109
20137
20138
20141
20142
20144
20145
20146
20147
20148
20149
20150
20151
20152
20153
20154
20158
20162
20165
20166
20167
20169
20170
20176
20177
20178
20179
20180
20181
20182
20183
20186
20187
20188
20189
20193
20194
20195
20196
20197
20199
20200
20201
20203
20204
20207
20210
20211
20212
20213
20214
20215
20216
20217
20218
20219
20220
20222
20223
20225
20227
20228
20229
20231
20232
20233
20234
20235
20236
20237
20238
20239
20240
20241
20242
20243
20244
20245
20246
20247
20248
20249
20250
20251
20252
20257
20258
20264
20269
20290
20294
20295
20296
20300
20301
20303
20306
20307
20312
20318
20324
20325
20329
20330
20333
20338
20345
20348
20350
20353
20355
20356
20357
20358
20359
20361
20364
20365
20366
20367
20369
20370
20371
20372
20373
20374
20376
20381
20382
20383
20385
20387
20389
20390
20392
20395
20396
20397
20398
20399
20400
20401
20402
20405
20406
20407
20408
20411
20413
20414
20418
20419
20420
20422
20423
20424
5994
