2
3
4
5
6
7
8
9
10
11
13
14
15
16
17
18
19
20
21
22
23
27
28
29
31
35
37
38
39
40
43
44
45
46
50
51
52
56
60
61
62
63
64
67
69
70
71
72
73
74
75
76
78
79
80
81
82
84
85
86
87
88
90
92
93
95
96
98
99
100
101
102
103
104
105
106
107
110
111
112
113
114
117
123
124
126
127
130
132
133
137
138
139
140
141
142
144
147
149
150
151
152
153
155
156
157
158
159
161
162
167
168
169
170
172
174
175
177
181
182
183
184
186
190
192
193
194
195
198
199
200
201
203
204
205
206
207
208
210
212
213
214
218
221
222
228
230
231
232
233
234
235
236
237
238
239
240
241
244
245
247
248
253
254
257
258
261
263
266
267
268
269
271
272
274
275
276
277
278
280
281
282
286
287
288
289
290
291
292
293
294
295
296
297
298
299
300
301
302
303
305
309
310
311
312
314
316
322
323
329
331
333
334
335
336
337
338
339
340
341
342
343
344
345
346
347
349
352
353
354
357
358
359
360
361
362
363
365
366
367
370
371
372
373
374
375
376
378
379
380
384
385
386
387
388
389
390
391
393
395
396
397
398
399
400
401
402
406
409
415
416
417
418
419
420
421
424
425
427
428
429
430
431
432
435
437
438
439
440
441
442
443
444
445
446
447
448
458
459
460
461
462
464
467
468
469
474
475
476
477
478
479
480
481
482
483
484
485
486
487
488
489
491
493
495
496
498
499
500
501
504
505
506
507
508
509
510
511
512
513
514
515
516
520
521
522
523
524
526
527
528
529
530
531
532
535
536
537
538
539
540
541
544
546
550
552
553
558
561
563
564
565
566
567
568
569
571
572
573
574
575
576
577
579
580
581
582
583
584
585
587
592
593
594
595
600
601
603
604
605
606
607
608
609
612
613
614
615
617
618
621
625
627
628
630
632
633
634
635
636
637
638
639
640
641
642
643
644
645
647
651
652
653
654
655
656
657
659
662
663
665
666
668
669
670
674
675
677
682
683
684
685
691
693
694
695
696
697
698
699
700
706
709
710
712
713
714
716
717
718
719
720
721
725
727
729
731
732
733
734
736
737
738
740
741
742
743
744
745
746
754
756
757
758
760
762
763
764
765
766
767
768
769
771
772
773
776
777
780
782
785
786
788
789
796
799
800
801
802
803
804
805
806
808
809
811
814
815
816
819
820
826
827
828
831
832
834
837
838
839
840
845
846
850
851
852
857
858
859
860
861
862
863
864
867
868
871
873
875
877
883
884
892
893
897
899
900
908
910
911
915
919
920
921
922
924
927
928
929
930
931
932
933
934
935
936
937
938
939
940
943
945
946
947
948
949
950
951
952
953
954
955
957
958
959
966
967
969
970
971
972
973
974
975
976
977
978
979
980
985
986
987
988
989
992
994
995
996
997
998
999
1003
1008
1009
1010
1011
1015
1016
1017
1019
1020
1028
1030
1031
1032
1033
1034
1038
1040
1041
1043
1045
1046
1049
1050
1051
1054
1055
1060
1061
1064
1067
1068
1070
1071
1073
1074
1076
1077
1082
1083
1084
1085
1086
1090
1092
1093
1097
1101
1102
1103
1105
1107
1108
1109
1115
1116
1117
1118
1122
1125
1126
1129
1135
1139
1140
1141
1143
1144
1145
1146
1149
1150
1151
1156
1157
1164
1167
1168
1172
1173
1178
1179
1180
1181
1182
1184
1185
1186
1187
1188
1189
1190
1191
1192
1193
1194
1195
1198
1202
1203
1208
1209
1210
1212
1215
1216
1217
1218
1221
1222
1224
1228
1229
1230
1231
1232
1233
1237
1238
1239
1240
1241
1243
1244
1245
1246
1248
1249
1250
1251
1252
1253
1255
1258
1259
1261
1263
1264
1267
1268
1269
1272
1277
1278
1280
1281
1282
1283
1285
1286
1287
1289
1295
1297
1298
1301
1302
1303
1304
1306
1307
1308
1309
1310
1313
1316
1317
1319
1320
1321
1322
1324
1325
1326
1327
1329
1330
1331
1333
1335
1336
1337
1338
1339
1340
1348
1349
1350
1351
1352
1355
1356
1359
1360
1363
1364
1365
1367
1372
1374
1375
1376
1377
1378
1382
1383
1384
1385
1386
1387
1390
1391
1392
1393
1396
1397
1398
1399
1400
1401
1403
1406
1407
1410
1411
1412
1414
1415
1416
1418
1421
1422
1423
1424
1426
1427
1428
1429
1430
1431
1432
1437
1438
1439
1440
1441
1444
1446
1447
1448
1450
1452
1453
1454
1455
1460
1461
1462
1464
1465
1468
1469
1470
1471
1473
1475
1476
1477
1480
1483
1484
1486
1487
1488
1489
1494
1495
1496
1499
1500
1501
1502
1508
1510
1511
1512
1513
1514
1515
1520
1521
1523
1524
1526
1530
1531
1532
1533
1534
1535
1536
1538
1539
1540
1542
1543
1544
1545
1549
1552
1553
1558
1561
1562
1563
1565
1566
1567
1568
1569
1570
1571
1572
1575
1579
1580
1581
1583
1585
1586
1590
1594
1598
1599
1600
1601
1603
1604
1610
1611
1612
1613
1614
1615
1616
1617
1618
1619
1621
1622
1625
1629
1630
1631
1632
1633
1634
1635
1636
1638
1639
1640
1644
1646
1647
1650
1652
1653
1655
1656
1657
1658
1661
1662
1665
1666
1667
1668
1671
1674
1675
1676
1677
1678
1679
1682
1683
1684
1688
1689
1690
1691
1692
1693
1697
1698
1699
1700
1701
1702
1703
1705
1706
1707
1708
1710
1711
1712
1713
1714
1715
1717
1719
1720
1721
1722
1723
1724
1725
1726
1727
1728
1729
1730
1731
1732
1733
1734
1739
1740
1741
1743
1744
1745
1746
1750
1751
1754
1755
1756
1757
1758
1760
1764
1765
1766
1768
1769
1772
1773
1774
1775
1778
1783
1784
1787
1788
1789
1791
1793
1794
1795
1797
1798
1801
1802
1803
1804
1805
1806
1807
1808
1809
1810
1811
1812
1815
1816
1817
1818
1820
1821
1822
1826
1827
1830
1831
1832
1834
1835
1838
1841
1845
1846
1847
1848
1849
1850
1851
1852
1853
1855
1856
1857
1858
1859
1861
1863
1864
1865
1866
1868
1869
1870
1871
1873
1875
1877
1879
1880
1881
1882
1883
1884
1885
1886
1887
1888
1893
1894
1895
1896
1897
1898
1899
1900
1901
1902
1904
1905
1906
1909
1910
1911
1912
1913
1919
1922
1923
1925
1926
1927
1928
1929
1930
1931
1932
1933
1935
1936
1943
1944
1950
1951
1952
1953
1955
1956
1957
1958
1962
1963
1966
1967
1968
1969
1970
1971
1972
1973
1975
1976
1977
1978
1979
1980
1981
1982
1983
1985
1986
1987
1989
1991
1992
1994
1995
1996
1997
1998
1999
2000
2001
2002
2004
2005
2006
2007
2010
2011
2014
2015
2016
2018
2019
2020
2021
2022
2023
2025
2026
2028
2029
2030
2031
2036
2040
2042
2045
2046
2047
2052
2053
2054
2055
2058
2059
2060
2062
2064
2066
2067
2068
2069
2072
2073
2075
2081
2082
2083
2086
2089
2090
2091
2092
2095
2100
2101
2102
2103
2104
2107
2108
2109
2110
2111
2112
2113
2116
2117
2118
2120
2121
2122
2123
2125
2126
2128
2130
2131
2134
2136
2137
2138
2139
2140
2141
2142
2143
2145
2147
2148
2149
2150
2153
2157
2158
2165
2166
2167
2169
2170
2171
2174
2175
2176
2177
2178
2180
2182
2184
2186
2188
2192
2193
2194
2195
2196
2197
2198
2199
2201
2202
2204
2205
2206
2207
2208
2209
2210
2211
2213
2216
2217
2219
2220
2223
2224
2225
2229
2230
2231
2233
2241
2242
2243
2244
2250
2251
2252
2253
2254
2255
2258
2260
2263
2265
2266
2268
2270
2271
2273
2274
2275
2276
2277
2279
2280
2281
2282
2286
2288
2289
2290
2291
2292
2293
2294
2296
2303
2304
2305
2306
2307
2308
2309
2310
2311
2312
2313
2314
2315
2316
2317
2318
2319
2320
2321
2322
2323
2324
2325
2326
2327
2329
2331
2332
2333
2336
2338
2339
2340
2341
2342
2343
2344
2345
2346
2347
2348
2349
2350
2351
2352
2353
2354
2355
2356
2359
2360
2361
2365
2369
2370
2373
2374
2376
2377
2378
2379
2381
2384
2388
2389
2392
2395
2397
2399
2400
2401
2402
2404
2405
2406
2409
2410
2412
2413
2414
2415
2417
2418
2419
2420
2421
2424
2425
2427
2428
2429
2430
2431
2432
2438
2439
2442
2443
2444
2445
2446
2449
2450
2451
2452
2453
2454
2455
2456
2457
2458
2459
2460
2462
2467
2468
2476
2477
2478
2479
2481
2482
2483
2484
2486
2488
2490
2491
2495
2496
2498
2499
2504
2505
2506
2507
2508
2509
2510
2511
2512
2520
2521
2522
2526
2527
2528
2529
2532
2533
2537
2539
2540
2541
2543
2545
2548
2549
2550
2551
2553
2554
2555
2556
2557
2560
2561
2562
2563
2564
2565
2566
2567
2568
2569
2571
2573
2574
2575
2577
2578
2579
2580
2581
2582
2584
2585
2587
2588
2589
2592
2595
2596
2599
2605
2606
2609
2610
2611
2612
2613
2614
2616
2617
2618
2619
2620
2621
2622
2623
2628
2629
2632
2633
2634
2635
2636
2637
2638
2641
2649
2652
2653
2655
2656
2657
2658
2660
2663
2666
2667
2668
2670
2672
2674
2675
2677
2678
2679
2682
2683
2684
2685
2686
2689
2690
2691
2692
2693
2694
2696
2698
2700
2701
2702
2704
2705
2708
2709
2710
2711
2712
2713
2717
2718
2719
2720
2721
2722
2723
2724
2725
2727
2728
2729
2730
2732
2734
2735
2736
2737
2738
2739
2741
2742
2743
2744
2745
2746
2747
2750
2751
2752
2753
2754
2757
2758
2760
2761
2762
2764
2766
2767
2771
2773
2775
2777
2778
2779
2780
2782
2783
2790
2791
2792
2793
2794
2795
2796
2797
2798
2799
2800
2801
2802
2803
2806
2807
2808
2809
2810
2815
2817
2818
2819
2820
2821
2822
2823
2824
2825
2826
2827
2828
2829
2831
2832
2834
2835
2837
2838
2841
2844
2845
2846
2847
2849
2850
2851
2855
2858
2859
2860
2861
2862
2863
2864
2865
2866
2867
2868
2870
2872
2875
2876
2877
2878
2879
2882
2883
2884
2887
2889
2890
2891
2892
2893
2894
2895
2896
2897
2898
2899
2900
2902
2903
2904
2909
2910
2912
2913
2914
2915
2916
2920
2922
2923
2925
2927
2928
2929
2930
2931
2932
2933
2938
2939
2943
2944
2945
2947
2949
2951
2954
2955
2956
2958
2959
2963
2964
2965
2966
2967
2968
2969
2970
2971
2972
2973
2974
2975
2976
2977
2978
2979
2980
2983
2984
2985
2986
2988
2989
2991
2996
2997
2998
2999
3000
3001
3002
3004
3005
3006
3009
3010
3011
3012
3013
3015
3016
3017
3018
3020
3021
3023
3024
3026
3028
3029
3030
3031
3033
3034
3035
3036
3037
3038
3040
3041
3042
3043
3044
3045
3046
3047
3048
3049
3050
3051
3052
3055
3056
3057
3060
3061
3062
3063
3064
3066
3070
3072
3073
3076
3079
3081
3083
3084
3085
3086
3087
3088
3090
3092
3093
3094
3095
3096
3097
3098
3100
3101
3102
3103
3105
3106
3112
3113
3114
3115
3116
3117
3118
3119
3120
3121
3122
3131
3132
3133
3134
3135
3136
3137
3138
3140
3141
3142
3144
3145
3146
3149
3150
3156
3157
3158
3159
3160
3161
3162
3163
3164
3165
3166
3167
3168
3169
3171
3173
3175
3176
3178
3179
3180
3181
3182
3185
3186
3188
3189
3191
3192
3193
3196
3197
3199
3200
3202
3204
3205
3206
3207
3211
3212
3213
3214
3215
3216
3217
3218
3219
3220
3221
3222
3223
3224
3227
3230
3231
3235
3236
3237
3238
3239
3240
3243
3244
3246
3247
3248
3249
3250
3251
3252
3254
3255
3256
3261
3265
3269
3270
3271
3272
3273
3274
3275
3276
3281
3282
3283
3284
3285
3286
3287
3288
3289
3292
3293
3295
3296
3298
3299
3300
3304
3308
3310
3311
3312
3313
3314
3316
3317
3319
3320
3321
3322
3323
3324
3325
3326
3327
3329
3331
3338
3339
3340
3341
3342
3343
3344
3347
3348
3349
3350
3352
3353
3354
3357
3358
3360
3361
3362
3363
3364
3365
3372
3373
3374
3375
3376
3378
3379
3380
3381
3386
3387
3388
3394
3398
3402
3403
3404
3405
3408
3410
3412
3413
3415
3416
3417
3420
3421
3422
3423
3424
3426
3427
3429
3430
3431
3432
3435
3436
3437
3439
3440
3442
3443
3444
3445
3449
3450
3451
3452
3455
3456
3457
3458
3459
3460
3461
3462
3463
3464
3465
3470
3471
3473
3474
3476
3477
3478
3479
3480
3481
3482
3483
3484
3485
3487
3488
3494
3495
3496
3497
3498
3499
3503
3506
3508
3509
3511
3512
3513
3514
3515
3517
3518
3519
3520
3521
3522
3523
3524
3525
3526
3527
3528
3529
3531
3532
3533
3534
3535
3536
3537
3538
3540
3541
3542
3543
3545
3547
3548
3551
3552
3553
3554
3555
3559
3560
3561
3562
3563
3564
3565
3567
3568
3569
3572
3573
3574
3575
3576
3577
3578
3579
3580
3581
3584
3585
3587
3588
3591
3593
3594
3595
3598
3599
3601
3602
3603
3604
3605
3607
3608
3611
3612
3613
3615
3617
3618
3619
3620
3621
3623
3624
3625
3629
3630
3631
3632
3633
3635
3646
3648
3649
3650
3651
3652
3653
3654
3655
3656
3658
3659
3660
3661
3663
3665
3667
3668
3669
3670
3671
3673
3675
3678
3681
3683
3684
3688
3689
3690
3694
3696
3698
3699
3700
3701
3702
3703
3704
3706
3707
3708
3709
3711
3712
3713
3714
3715
3719
3721
3722
3723
3724
3725
3731
3734
3735
3736
3737
3740
3741
3742
3743
3744
3745
3746
3749
3753
3755
3757
3758
3760
3763
3764
3765
3778
3779
3780
3782
3783
3784
3785
3786
3787
3788
3789
3790
3791
3792
3793
3794
3798
3801
3802
3803
3804
3805
3806
3807
3808
3809
3810
3811
3812
3813
3814
3815
3818
3819
3820
3821
3822
3827
3828
3830
3835
3838
3839
3840
3841
3842
3843
3845
3847
3848
3849
3850
3858
3860
3861
3862
3866
3868
3870
3871
3872
3873
3875
3876
3879
3880
3881
3882
3883
3884
3885
3886
3887
3888
3889
3890
3891
3892
3893
3894
3895
3896
3897
3898
3899
3900
3901
3902
3903
3904
3906
3907
3909
3910
3911
3915
3916
3917
3918
3919
3920
3921
3922
3923
3924
3925
3928
3930
3932
3933
3934
3937
3938
3939
3941
3943
3944
3945
3946
3947
3948
3950
3951
3952
3954
3955
3956
3957
3958
3959
3961
3964
3966
3968
3969
3970
3971
3974
3976
3977
3979
3980
3982
3983
3984
3986
3988
3990
3995
3996
3997
3998
3999
4000
4001
4002
4003
4004
4005
4008
4009
4011
4012
4013
4014
4015
4016
4017
4018
4020
4021
4023
4024
4025
4027
4028
4029
4031
4034
4035
4036
4037
4038
4039
4041
4042
4043
4045
4046
4047
4048
4049
4050
4051
4052
4053
4054
4055
4056
4058
4059
4060
4061
4065
4068
4072
4073
4074
4075
4076
4077
4078
4079
4080
4082
4083
4090
4091
4093
4095
4096
4097
4098
4099
4100
4101
4102
4103
4106
4107
4108
4109
4110
4111
4112
4113
4114
4115
4116
4122
4123
4124
4126
4127
4128
4130
4131
4132
4133
4134
4135
4137
4141
4146
4147
4148
4149
4150
4152
4153
4154
4155
4156
4157
4158
4160
4161
4162
4163
4164
4165
4166
4169
4170
4171
4172
4173
4174
4175
4176
4177
4178
4179
4180
4181
4184
4186
4188
4189
4190
4191
4192
4193
4194
4196
4197
4198
4199
4200
4201
4203
4204
4205
4206
4209
4210
4213
4214
4215
4216
4218
4219
4220
4221
4225
4226
4227
4228
4229
4231
4232
4234
4235
4236
4238
4239
4240
4241
4242
4243
4245
4246
4247
4248
4249
4250
4251
4252
4253
4255
4256
4257
4258
4259
4260
4261
4262
4263
4264
4265
4266
4267
4268
4269
4270
4271
4272
4274
4277
4280
4281
4282
4284
4285
4286
4291
4292
4294
4295
4299
4300
4301
4302
4304
4305
4306
4308
4309
4311
4313
4314
4315
4316
4317
4318
4320
4322
4323
4324
4333
4334
4335
4336
4339
4341
4343
4345
4346
4348
4349
4350
4351
4353
4354
4355
4356
4357
4358
4359
4361
4362
4363
4364
4372
4373
4374
4376
4377
4378
4379
4380
4381
4382
4383
4385
4386
4387
4389
4391
4392
4394
4395
4397
4398
4401
4403
4404
4405
4406
4407
4408
4409
4410
4413
4414
4415
4416
4418
4421
4425
4427
4429
4432
4433
4437
4438
4440
4441
4442
4443
4444
4445
4446
4449
4452
4455
4457
4458
4459
4461
4462
4463
4465
4466
4467
4468
4470
4471
4472
4473
4474
4477
4478
4479
4488
4491
4492
4493
4494
4497
4499
4502
4506
4507
4508
4514
4518
4519
4521
4522
4523
4524
4525
4526
4527
4528
4529
4532
4535
4537
4539
4540
4541
4543
4544
4545
4546
4548
4551
4552
4554
4555
4556
4557
4559
4560
4561
4562
4564
4568
4573
4574
4576
4577
4578
4582
4583
4584
4585
4586
4587
4588
4589
4590
4591
4592
4593
4594
4595
4597
4599
4600
4601
4606
4607
4608
4610
4611
4613
4615
4619
4620
4621
4625
4627
4629
4631
4632
4634
4635
4636
4638
4639
4640
4641
4643
4644
4647
4648
4649
4651
4652
4653
4654
4655
4657
4658
4659
4662
4663
4664
4666
4667
4668
4669
4670
4672
4673
4675
4677
4681
4682
4683
4684
4685
4686
4689
4694
4696
4697
4700
4701
4702
4703
4704
4705
4707
4708
4710
4711
4712
4713
4714
4715
4716
4718
4720
4725
4726
4727
4729
4730
4731
4732
4734
4736
4737
4738
4739
4740
4746
4747
4749
4751
4752
4753
4755
4756
4757
4759
4760
4761
4762
4763
4765
4766
4767
4768
4769
4770
4772
4773
4774
4776
4778
4782
4785
4786
4787
4788
4789
4790
4791
4793
4794
4795
4796
4797
4798
4799
4800
4801
4802
4803
4804
4805
4806
4807
4808
4810
4811
4812
4813
4815
4816
4817
4818
4819
4820
4821
4824
4825
4832
4835
4836
4838
4840
4842
4844
4846
4847
4849
4851
4852
4853
4854
4856
4858
4860
4861
4862
4864
4866
4867
4868
4870
4871
4876
4877
4878
4883
4892
4893
4895
4897
4898
4899
4901
4902
4904
4905
4908
4909
4910
4911
4913
4916
4917
4918
4919
4920
4921
4924
4927
4929
4930
4932
4933
4935
4936
4937
4940
4941
4942
4943
4945
4946
4947
4948
4949
4950
4951
4953
4954
4955
4957
4958
4959
4960
4964
4965
4967
4968
4969
4970
4971
4972
4974
4977
4980
4981
4982
4984
4985
4987
4988
4990
4991
4993
4994
4995
4996
4998
4999
5000
5008
5009
5010
5011
5012
5013
5016
5018
5020
5021
5022
5025
5026
5027
5028
5035
5036
5037
5038
5039
5040
5046
5047
5048
5049
5050
5051
5052
5053
5054
5056
5059
5060
5061
5062
5063
5064
5065
5066
5067
5068
5069
5070
5071
5072
5073
5074
5075
5076
5077
5078
5079
5080
5081
5082
5083
5084
5085
5086
5091
5092
5093
5094
5096
5099
5101
5102
5103
5106
5107
5108
5113
5114
5118
5119
5120
5122
5124
5125
5127
5128
5130
5132
5133
5134
5135
5136
5137
5138
5141
5142
5143
5148
5149
5150
5157
5159
5162
5163
5164
5165
5166
5168
5170
5171
5173
5174
5175
5177
5178
5184
5185
5186
5188
5191
5192
5193
5195
5200
5201
5202
5210
5212
5214
5215
5216
5217
5218
5219
5220
5221
5224
5225
5227
5228
5229
5230
5232
5233
5235
5236
5238
5239
5242
5243
5244
5246
5247
5248
5251
5253
5255
5256
5258
5259
5261
5262
5264
5265
5266
5270
5271
5272
5276
5277
5278
5279
5280
5281
5282
5283
5284
5285
5287
5291
5292
5294
5295
5297
5299
5300
5302
5303
5304
5307
5308
5311
5312
5318
5319
5320
5321
5322
5324
5329
5330
5331
5332
5333
5336
5338
5340
5341
5342
5343
5344
5345
5346
5347
5352
5353
5355
5356
5357
5358
5359
5363
5364
5365
5366
5367
5371
5372
5374
5375
5376
5377
5378
5379
5380
5382
5385
5386
5389
5390
5391
5392
5393
5394
5395
5396
5397
5398
5399
5401
5402
5403
5404
5405
5409
5410
5411
5413
5415
5417
5419
5420
5421
5423
5425
5426
5431
5435
5436
5438
5439
5440
5441
5442
5443
5444
5445
5446
5447
5448
5449
5450
5451
5453
5454
5455
5457
5460
5461
5462
5463
5464
5465
5466
5467
5471
5472
5477
5478
5481
5482
5483
5484
5485
5488
5489
5490
5491
5494
5495
5498
5499
5502
5503
5504
5505
5506
5507
5510
5511
5514
5515
5516
5518
5519
5520
5521
5522
5525
5526
5528
5529
5530
5531
5534
5535
5538
5541
5542
5543
5544
5545
5546
5547
5548
5549
5550
5553
5560
5561
5562
5564
5565
5569
5574
5576
5577
5579
5581
5582
5585
5586
5588
5589
5591
5593
5594
5595
5596
5600
5601
5602
5604
5606
5607
5608
5609
5610
5611
5612
5614
5615
5618
5619
5620
5621
5622
5623
5624
5625
5626
5627
5628
5629
5630
5632
5633
5634
5635
5636
5637
5638
5639
5640
5641
5643
5645
5646
5648
5651
5652
5657
5658
5661
5662
5667
5668
5669
5672
5673
5677
5678
5679
5681
5682
5683
5687
5688
5697
5699
5701
5702
5703
5704
5705
5706
5708
5709
5710
5711
5712
5713
5714
5715
5716
5717
5718
5719
5720
5721
5723
5725
5728
5734
5735
5736
5745
5746
5749
5752
5753
5754
5755
5756
5757
5758
5759
5761
5762
5765
5766
5767
5768
5769
5770
5775
5776
5777
5779
5780
5781
5782
5783
5784
5785
5786
5787
5788
5790
5791
5796
5797
5798
5799
5800
5801
5802
5805
5806
5807
5808
5812
5813
5814
5815
5816
5817
5818
5822
5823
5826
5827
5828
5829
5830
5831
5833
5834
5835
5836
5837
5839
5840
5841
5842
5844
5847
5849
5851
5853
5854
5856
5857
5858
5859
5860
5861
5862
5863
5867
5868
5869
5870
5871
5872
5874
5875
5876
5878
5879
5880
5881
5882
5883
5884
5885
5889
5890
5892
5893
5894
5895
5896
5897
5898
5899
5900
5901
5902
5906
5908
5911
5914
5915
5916
5917
5920
5922
5923
5924
5925
5927
5928
5929
5930
5931
5932
5933
5934
5935
5936
5939
5940
5941
5943
5944
5945
5947
5948
5949
5953
5954
5959
5960
5961
5962
5964
5965
5966
5969
5971
5973
5974
5979
5982
5983
5985
5988
5989
5990
5991
5992
5994
5997
5998
6000
6001
6002
6003
6007
6008
6009
6012
6013
6017
6018
6019
6020
6023
6028
6029
6030
6031
6032
6033
6034
6039
6040
6041
6042
6043
6048
6049
6050
6051
6052
6055
6057
6058
6059
6060
6061
6062
6063
6067
6068
6070
6071
6072
6073
6074
6075
6077
6078
6079
6080
6083
6085
6086
6090
6092
6093
6094
6095
6096
6099
6100
6102
6106
6108
6109
6110
6111
6112
6113
6114
6115
6116
6117
6126
6128
6130
6131
6132
6133
6135
6137
6138
6139
6140
6141
6142
6143
6144
6145
6146
6147
6148
6149
6150
6152
6153
6154
6155
6156
6157
6158
6159
6160
6161
6162
6163
6164
6165
6166
6167
6168
6169
6170
6171
6172
6173
6174
6175
6176
6177
6180
6181
6184
6186
6187
6189
6190
6198
6202
6205
6206
6209
6210
6211
6212
6213
6215
6217
6218
6219
6220
6221
6222
6223
6224
6225
6226
6227
6229
6231
6232
6233
6234
6235
6237
6238
6242
6245
6246
6247
6250
6252
6254
6255
6256
6257
6258
6259
6260
6261
6262
6263
6265
6268
6269
6270
6271
6272
6273
6275
6276
6277
6278
6279
6281
6282
6283
6286
6287
6288
6289
6291
6294
6295
6296
6297
6298
6299
6302
6303
6304
6306
6307
6308
6309
6310
6311
6312
6313
6316
6317
6319
6320
6323
6324
6328
6330
6331
6332
6333
6334
6335
6337
6338
6339
6340
6341
6342
6343
6345
6347
6348
6349
6350
6356
6358
6359
6360
6364
6365
6366
6367
6368
6369
6370
6371
6372
6373
6374
6375
6376
6378
6379
6380
6381
6382
6383
6384
6385
6386
6387
6389
6391
6392
6393
6394
6395
6397
6398
6401
6403
6408
6412
6413
6415
6416
6417
6418
6421
6422
6423
6424
6425
6426
6427
6428
6429
6430
6431
6432
6433
6434
6435
6436
6438
6440
6441
6443
6444
6449
6450
6451
6452
6454
6455
6456
6458
6463
6464
6465
6467
6468
6469
6470
6471
6473
6474
6478
6479
6480
6481
6483
6486
6488
6489
6490
6491
6492
6495
6497
6499
6501
6503
6506
6509
6512
6513
6515
6516
6517
6519
6520
6521
6522
6523
6524
6525
6526
6527
6531
6533
6537
6538
6539
6543
6544
6547
6548
6550
6552
6553
6555
6556
6557
6558
6559
6561
6562
6565
6567
6568
6569
6570
6571
6573
6574
6581
6582
6583
6584
6585
6592
6594
6595
6597
6598
6599
6600
6602
6603
6605
6606
6608
6609
6611
6614
6615
6616
6621
6622
6624
6626
6627
6628
6630
6631
6632
6633
6634
6637
6638
6639
6640
6641
6644
6646
6647
6648
6650
6651
6653
6655
6657
6658
6660
6667
6670
6671
6672
6673
6674
6676
6678
6681
6682
6683
6685
6687
6688
6689
6691
6692
6693
6694
6696
6698
6699
6700
6701
6702
6704
6705
6706
6707
6710
6711
6712
6713
6717
6719
6720
6721
6725
6726
6727
6728
6729
6731
6733
6734
6735
6738
6739
6741
6742
6743
6745
6746
6747
6748
6749
6750
6751
6755
6759
6760
6761
6763
6764
6766
6767
6768
6769
6771
6772
6773
6774
6775
6776
6777
6779
6780
6782
6783
6784
6785
6787
6788
6789
6790
6793
6794
6795
6796
6797
6798
6800
6801
6805
6806
6808
6809
6810
6811
6813
6814
6815
6816
6817
6818
6819
6820
6821
6823
6825
6831
6832
6833
6834
6835
6836
6837
6838
6839
6842
6843
6844
6845
6847
6848
6849
6851
6852
6853
6855
6856
6857
6858
6859
6860
6862
6863
6864
6865
6866
6868
6869
6870
6871
6872
6873
6877
6880
6882
6883
6884
6885
6886
6887
6888
6889
6890
6891
6892
6893
6894
6895
6896
6897
6898
6899
6900
6901
6902
6903
6904
6905
6907
6909
6911
6912
6915
6918
6920
6921
6922
6925
6926
6927
6929
6930
6931
6932
6935
6936
6937
6938
6939
6940
6941
6942
6943
6945
6948
6949
6950
6952
6953
6955
6956
6957
6958
6960
6963
6966
6968
6969
6970
6971
6972
6973
6974
6975
6976
6980
6981
6983
6984
6985
6986
6987
6989
6990
6991
6992
6994
6995
6996
6997
7000
7002
7003
7004
7005
7006
7007
7009
7010
7014
7015
7016
7017
7019
7021
7023
7024
7025
7026
7030
7031
7032
7033
7034
7035
7036
7037
7038
7039
7042
7043
7045
7047
7049
7050
7059
7060
7063
7064
7066
7068
7069
7070
7072
7075
7076
7078
7080
7082
7084
7085
7089
7090
7096
7098
7099
7100
7103
7104
7108
7109
7110
7112
7113
7114
7115
7117
7118
7121
7122
7123
7126
7127
7135
7136
7138
7139
7141
7147
7148
7150
7151
7152
7153
7154
7155
7156
7157
7158
7159
7162
7163
7164
7165
7169
7170
7171
7177
7178
7179
7180
7181
7182
7183
7184
7185
7186
7187
7188
7191
7192
7193
7194
7199
7201
7202
7204
7205
7207
7215
7217
7218
7219
7220
7221
7222
7225
7226
7227
7228
7229
7230
7232
7234
7235
7236
7237
7238
7239
7240
7241
7242
7243
7245
7249
7250
7253
7256
7257
7258
7259
7261
7263
7264
7266
7269
7272
7273
7274
7276
7277
7278
7279
7280
7281
7282
7283
7284
7285
7286
7287
7289
7290
7291
7292
7293
7294
7295
7296
7297
7298
7299
7300
7301
7302
7304
7305
7307
7308
7309
7310
7311
7312
7313
7314
7315
7317
7318
7319
7322
7327
7329
7333
7334
7335
7336
7337
7338
7340
7341
7343
7344
7345
7346
7347
7348
7349
7350
7351
7352
7354
7356
7357
7361
7362
7363
7364
7365
7366
7369
7370
7371
7372
7373
7374
7376
7381
7382
7383
7384
7385
7386
7387
7388
7389
7390
7391
7393
7394
7395
7396
7397
7398
7399
7400
7401
7403
7404
7406
7407
7408
7409
7410
7412
7413
7414
7417
7418
7419
7422
7424
7428
7430
7431
7433
7435
7438
7439
7440
7441
7442
7448
7450
7451
7454
7455
7456
7457
7458
7459
7460
7461
7462
7466
7467
7468
7469
7470
7471
7472
7473
7474
7475
7476
7477
7478
7479
7481
7483
7484
7485
7486
7487
7489
7495
7496
7497
7504
7505
7506
7509
7510
7511
7513
7514
7515
7516
7517
7523
7526
7528
7529
7530
7531
7532
7534
7535
7540
7541
7544
7545
7548
7549
7551
7552
7554
7555
7556
7558
7559
7561
7563
7564
7567
7568
7569
7570
7571
7573
7574
7575
7577
7578
7580
7581
7583
7585
7587
7589
7590
7591
7593
7595
7599
7601
7603
7604
7605
7606
7607
7608
7609
7610
7611
7612
7613
7614
7615
7616
7619
7620
7622
7623
7624
7632
7633
7634
7635
7638
7639
7640
7641
7642
7643
7644
7645
7646
7647
7649
7650
7655
7656
7657
7658
7659
7660
7661
7666
7670
7672
7674
7675
7676
7677
7678
7681
7682
7684
7685
7686
7688
7691
7693
7694
7695
7696
7697
7699
7700
7701
7702
7703
7704
7705
7706
7707
7708
7709
7710
7711
7714
7715
7716
7717
7718
7719
7720
7724
7725
7726
7728
7729
7731
7732
7733
7734
7735
7738
7739
7740
7741
7742
7744
7745
7750
7752
7753
7754
7755
7757
7758
7760
7762
7763
7764
7765
7767
7768
7769
7770
7773
7774
7776
7777
7778
7779
7780
7781
7783
7785
7786
7787
7788
7794
7795
7796
7797
7798
7799
7801
7802
7803
7804
7805
7806
7807
7810
7817
7825
7826
7829
7832
7834
7835
7836
7837
7840
7841
7842
7843
7847
7848
7849
7850
7853
7854
7855
7858
7859
7860
7861
7863
7865
7866
7867
7870
7872
7874
7875
7880
7881
7882
7883
7885
7886
7888
7890
7891
7892
7893
7894
7896
7898
7902
7903
7904
7905
7907
7908
7909
7910
7911
7913
7914
7915
7918
7919
7921
7922
7923
7924
7926
7927
7928
7929
7934
7935
7936
7942
7944
7945
7946
7947
7949
7954
7955
7957
7958
7959
7960
7961
7962
7964
7965
7967
7968
7969
7974
7975
7976
7979
7981
7982
7984
7986
7987
7989
7990
7991
7992
7993
7994
7995
7996
7997
7998
7999
8000
8001
8002
8003
8005
8007
8009
8013
8015
8018
8019
8021
8022
8023
8024
8025
8026
8027
8028
8032
8033
8034
8035
8036
8038
8039
8040
8042
8043
8045
8046
8047
8048
8049
8050
8051
8052
8053
8054
8056
8057
8058
8059
8061
8062
8063
8064
8065
8067
8068
8069
8070
8071
8072
8073
8074
8075
8076
8079
8080
8081
8082
8083
8085
8086
8087
8088
8089
8091
8092
8094
8097
8098
8101
8105
8107
8108
8112
8114
8116
8117
8118
8119
8120
8121
8122
8123
8125
8126
8127
8129
8130
8131
8132
8134
8137
8138
8140
8141
8145
8146
8147
8152
8155
8158
8159
8160
8161
8163
8167
8171
8172
8173
8174
8175
8176
8177
8178
8179
8180
8182
8183
8184
8185
8186
8187
8188
8189
8190
8191
8192
8193
8194
8195
8196
8197
8198
8199
8201
8202
8203
8204
8205
8206
8207
8218
8219
8220
8221
8222
8224
8225
8226
8227
8228
8237
8239
8240
8241
8244
8245
8246
8247
8248
8249
8250
8251
8252
8253
8254
8255
8257
8258
8259
8266
8267
8268
8269
8270
8271
8272
8273
8274
8275
8277
8278
8282
8284
8286
8287
8289
8291
8292
8293
8294
8295
8296
8298
8299
8300
8301
8302
8303
8304
8305
8306
8307
8308
8309
8311
8312
8313
8314
8316
8317
8318
8319
8320
8324
8325
8326
8327
8328
8329
8330
8331
8332
8333
8334
8335
8337
8338
8339
8340
8341
8342
8344
8345
8346
8349
8350
8353
8354
8355
8357
8359
8360
8361
8362
8363
8364
8365
8368
8369
8370
8372
8373
8376
8379
8380
8381
8383
8386
8387
8388
8390
8391
8393
8394
8396
8398
8399
8400
8402
8404
8407
8408
8409
8410
8411
8412
8413
8414
8415
8416
8422
8423
8426
8427
8428
8429
8431
8432
8434
8435
8437
8439
8440
8441
8443
8444
8446
8447
8448
8449
8450
8452
8453
8454
8455
8457
8460
8462
8463
8464
8465
8466
8467
8468
8469
8470
8471
8474
8475
8476
8477
8478
8479
8481
8482
8483
8484
8485
8487
8488
8491
8494
8497
8498
8499
8500
8501
8502
8503
8505
8507
8509
8512
8513
8514
8518
8519
8520
8521
8523
8524
8525
8526
8527
8530
8531
8532
8533
8534
8541
8542
8543
8545
8547
8550
8551
8552
8553
8554
8557
8559
8560
8562
8563
8565
8567
8569
8570
8571
8572
8573
8574
8576
8577
8578
8579
8581
8583
8584
8585
8587
8589
8590
8595
8596
8597
8599
8600
8601
8602
8603
8604
8606
8610
8615
8618
8621
8624
8625
8626
8627
8630
8631
8633
8634
8635
8636
8637
8638
8642
8643
8644
8645
8647
8648
8650
8651
8652
8653
8654
8655
8657
8659
8660
8661
8662
8664
8665
8666
8667
8668
8669
8670
8673
8675
8676
8677
8678
8679
8680
8681
8684
8685
8686
8687
8688
8690
8692
8693
8695
8696
8697
8698
8699
8700
8701
8702
8704
8705
8706
8707
8708
8709
8710
8711
8714
8720
8722
8723
8724
8725
8726
8728
8729
8730
8733
8734
8735
8737
8744
8746
8749
8750
8751
8752
8756
8758
8759
8760
8761
8762
8763
8765
8766
8767
8768
8769
8770
8771
8772
8773
8776
8777
8779
8780
8782
8784
8786
8787
8793
8794
8800
8801
8802
8803
8804
8805
8806
8807
8808
8810
8811
8812
8813
8814
8815
8816
8817
8818
8819
8821
8823
8824
8829
8830
8831
8832
8833
8835
8836
8837
8842
8844
8845
8846
8847
8849
8850
8851
8852
8854
8855
8860
8861
8862
8864
8865
8866
8868
8869
8871
8872
8873
8875
8879
8880
8882
8885
8886
8887
8889
8890
8892
8893
8894
8895
8897
8899
8900
8901
8902
8903
8904
8905
8906
8907
8908
8910
8912
8914
8915
8917
8918
8919
8920
8923
8924
8925
8926
8927
8928
8929
8932
8933
8934
8935
8936
8937
8938
8941
8942
8943
8944
8945
8947
8949
8950
8951
8952
8956
8957
8958
8959
8960
8964
8965
8966
8967
8970
8971
8972
8973
8975
8976
8977
8978
8979
8980
8981
8982
8983
8984
8985
8989
8990
8991
8992
9000
9001
9006
9007
9008
9009
9010
9011
9013
9014
9015
9016
9018
9019
9020
9022
9023
9024
9025
9026
9027
9028
9029
9030
9031
9033
9034
9036
9038
9039
9041
9042
9043
9044
9047
9049
9051
9052
9053
9054
9056
9067
9068
9071
9074
9075
9076
9079
9080
9081
9082
9083
9084
9085
9086
9087
9088
9089
9090
9091
9092
9094
9095
9096
9097
9098
9099
9100
9111
9112
9113
9114
9116
9117
9118
9120
9123
9127
9128
9130
9131
9134
9137
9138
9139
9140
9143
9144
9145
9149
9158
9159
9160
9161
9162
9163
9165
9166
9167
9170
9171
9172
9176
9177
9178
9179
9181
9183
9185
9186
9187
9188
9189
9190
9192
9193
9194
9195
9196
9198
9199
9201
9202
9203
9207
9208
9209
9210
9211
9214
9216
9217
9219
9221
9222
9223
9224
9225
9226
9227
9228
9229
9231
9237
9238
9239
9240
9241
9242
9248
9251
9252
9253
9254
9255
9256
9257
9258
9260
9261
9262
9267
9271
9273
9277
9278
9279
9283
9286
9287
9293
9294
9295
9296
9297
9298
9299
9300
9301
9302
9303
9304
9309
9313
9315
9316
9317
9318
9319
9321
9322
9325
9326
9327
9328
9329
9330
9331
9332
9334
9335
9336
9337
9338
9341
9342
9344
9345
9346
9350
9357
9359
9360
9364
9365
9366
9367
9368
9369
9371
9372
9373
9374
9378
9383
9385
9386
9388
9389
9390
9391
9394
9395
9397
9398
9399
9400
9403
9404
9408
9409
9410
9411
9412
9415
9419
9420
9421
9422
9424
9426
9427
9428
9432
9434
9436
9438
9440
9441
9452
9453
9454
9455
9456
9457
9458
9459
9461
9464
9466
9467
9468
9469
9472
9473
9474
9475
9479
9480
9482
9483
9485
9486
9487
9488
9489
9491
9492
9494
9495
9496
9497
9499
9506
9507
9509
9510
9511
9512
9514
9515
9516
9517
9518
9519
9520
9521
9522
9523
9524
9525
9526
9527
9528
9529
9530
9531
9534
9535
9536
9541
9542
9543
9544
9545
9547
9554
9556
9557
9558
9559
9560
9561
9565
9566
9568
9569
9571
9572
9574
9575
9577
9578
9579
9581
9582
9583
9584
9585
9586
9587
9588
9589
9591
9593
9597
9599
9600
9601
9602
9603
9605
9607
9609
9610
9611
9612
9613
9614
9615
9616
9618
9619
9620
9622
9623
9626
9628
9629
9630
9631
9632
9633
9634
9636
9637
9639
9641
9645
9646
9647
9649
9651
9654
9655
9656
9657
9659
9662
9663
9667
9669
9670
9679
9680
9682
9683
9684
9685
9686
9687
9688
9689
9690
9691
9695
9697
9698
9699
9701
9703
9705
9708
9709
9710
9711
9712
9713
9718
9719
9720
9721
9722
9723
9725
9726
9731
9732
9733
9736
9738
9739
9740
9741
9742
9743
9744
9745
9746
9750
9753
9755
9757
9758
9759
9764
9765
9766
9767
9768
9771
9772
9775
9776
9777
9778
9779
9780
9781
9782
9783
9784
9785
9787
9788
9789
9790
9791
9794
9795
9799
9804
9805
9806
9807
9808
9812
9815
9816
9817
9818
9823
9825
9826
9827
9828
9829
9830
9831
9833
9834
9836
9837
9839
9840
9841
9842
9843
9844
9845
9847
9848
9849
9850
9851
9853
9856
9858
9859
9860
9861
9862
9863
9864
9865
9866
9867
9869
9870
9871
9872
9873
9876
9878
9879
9880
9882
9888
9889
9890
9891
9892
9893
9894
9895
9896
9897
9898
9899
9905
9906
9908
9909
9910
9911
9913
9914
9915
9920
9921
9922
9923
9924
9925
9926
9931
9933
9935
9936
9937
9944
9945
9946
9947
9949
9950
9951
9953
9954
9956
9957
9958
9959
9960
9961
9964
9965
9966
9967
9971
9975
9983
9984
9985
9986
9987
9988
9989
9990
9991
9992
9993
9994
9998
10002
10003
10006
10007
10008
10016
10022
10024
10025
10031
10033
10035
10036
10038
10039
10040
10042
10043
10045
10046
10048
10049
10050
10051
10052
10053
10054
10055
10056
10060
10062
10063
10064
10070
10074
10075
10078
10079
10082
10084
10085
10088
10089
10090
10091
10092
10093
10094
10095
10097
10099
10100
10101
10103
10107
10110
10111
10112
10113
10117
10118
10119
10120
10121
10122
10124
10125
10126
10127
10128
10130
10131
10132
10136
10137
10138
10139
10140
10142
10143
10144
10145
10146
10151
10152
10153
10154
10156
10157
10158
10159
10161
10162
10163
10165
10166
10167
10168
10170
10173
10176
10177
10178
10181
10184
10186
10188
10189
10190
10191
10192
10193
10194
10195
10196
10197
10198
10199
10204
10205
10206
10209
10210
10211
10212
10213
10214
10215
10216
10219
10220
10221
10222
10223
10225
10226
10227
10228
10229
10230
10231
10232
10233
10234
10236
10237
10238
10239
10240
10243
10245
10246
10248
10249
10250
10251
10252
10253
10254
10255
10256
10257
10258
10259
10263
10264
10265
10270
10272
10274
10275
10276
10282
10283
10284
10286
10288
10289
10292
10293
10295
10297
10298
10299
10302
10303
10304
10305
10306
10308
10309
10310
10313
10314
10316
10318
10319
10320
10321
10322
10327
10328
10329
10330
10332
10333
10334
10335
10336
10337
10338
10339
10341
10342
10345
10346
10347
10348
10349
10350
10351
10352
10353
10354
10359
10360
10361
10362
10363
10365
10366
10367
10370
10371
10372
10376
10377
10378
10379
10380
10381
10382
10383
10384
10385
10389
10394
10401
10402
10407
10410
10411
10412
10413
10417
10419
10420
10421
10422
10423
10424
10425
10426
10427
10428
10429
10431
10432
10434
10435
10436
10437
10443
10444
10451
10452
10455
10456
10457
10458
10459
10460
10461
10462
10463
10464
10465
10466
10468
10469
10470
10472
10473
10474
10475
10477
10478
10479
10480
10481
10482
10483
10484
10485
10487
10488
10489
10490
10491
10492
10493
10494
10495
10496
10498
10499
10500
10501
10502
10503
10504
10505
10506
10508
10510
10514
10515
10516
10518
10519
10521
10524
10527
10528
10530
10531
10532
10533
10534
10536
10537
10539
10541
10542
10545
10547
10548
10549
10551
10552
10553
10554
10558
10561
10562
10563
10564
10566
10567
10568
10569
10570
10571
10572
10574
10575
10576
10577
10578
10580
10581
10582
10583
10584
10592
10593
10596
10599
10600
10601
10602
10603
10605
10606
10608
10609
10611
10612
10613
10614
10616
10617
10618
10619
10620
10622
10623
10624
10625
10628
10629
10630
10631
10632
10633
10634
10635
10636
10637
10639
10640
10643
10644
10645
10646
10647
10649
10650
10651
10653
10655
10658
10662
10663
10664
10665
10669
10671
10675
10676
10677
10678
10680
10681
10682
10684
10686
10687
10688
10689
10690
10691
10692
10695
10696
10697
10698
10699
10700
10701
10702
10703
10704
10705
10706
10707
10708
10709
10710
10711
10714
10716
10717
10719
10720
10721
10722
10724
10727
10728
10729
10730
10733
10735
10736
10737
10738
10739
10742
10744
10745
10746
10747
10751
10752
10753
10755
10756
10757
10758
10759
10760
10763
10764
10765
10767
10768
10769
10770
10772
10773
10774
10776
10777
10778
10779
10780
10781
10783
10788
10789
10790
10791
10792
10793
10799
10801
10802
10805
10806
10807
10808
10810
10811
10819
10820
10821
10823
10824
10825
10826
10828
10830
10832
10833
10834
10835
10836
10844
10845
10846
10847
10848
10849
10852
10854
10855
10856
10857
10858
10859
10862
10864
10866
10870
10872
10873
10874
10875
10876
10877
10881
10883
10885
10886
10887
10888
10890
10891
10892
10893
10894
10899
10901
10902
10903
10906
10908
10910
10911
10913
10916
10917
10919
10920
10921
10923
10924
10930
10931
10932
10933
10934
10935
10936
10937
10939
10940
10944
10945
10948
10949
10950
10953
10954
10955
10957
10958
10959
10960
10962
10963
10964
10965
10967
10969
10973
10974
10976
10978
10980
10981
10985
10988
10989
10995
10998
11000
11002
11003
11004
11006
11007
11008
11010
11011
11012
11014
11015
11021
11023
11024
11026
11027
11028
11029
11030
11031
11032
11033
11035
11036
11040
11041
11044
11045
11047
11048
11049
11051
11053
11054
11055
11056
11057
11058
11059
11060
11061
11062
11063
11065
11066
11067
11068
11069
11071
11073
11074
11075
11076
11077
11080
11081
11082
11083
11084
11085
11087
11088
11089
11090
11092
11093
11097
11098
11099
11100
11101
11102
11103
11107
11110
11112
11115
11116
11117
11118
11119
11120
11122
11123
11124
11126
11127
11131
11132
11133
11134
11135
11136
11137
11138
11139
11140
11141
11142
11143
11147
11149
11150
11152
11156
11157
11158
11159
11160
11161
11162
11163
11164
11165
11169
11171
11172
11173
11174
11175
11176
11177
11178
11182
11184
11185
11186
11190
11193
11194
11195
11196
11197
11198
11199
11204
11207
11208
11209
11210
11212
11214
11215
11218
11221
11223
11224
11225
11226
11228
11229
11230
11234
11236
11241
11243
11244
11245
11246
11248
11249
11250
11251
11252
11255
11256
11257
11259
11263
11265
11266
11267
11268
11269
11270
11271
11273
11274
11275
11276
11278
11279
11281
11282
11283
11284
11285
11288
11289
11290
11292
11294
11296
11297
11298
11300
11301
11302
11303
11305
11307
11308
11309
11310
11311
11312
11314
11315
11316
11318
11319
11320
11321
11322
11323
11325
11328
11329
11330
11331
11332
11334
11336
11337
11338
11339
11340
11341
11342
11345
11346
11347
11349
11350
11354
11358
11359
11360
11362
11363
11364
11365
11367
11370
11371
11372
11373
11374
11376
11377
11380
11381
11382
11384
11386
11387
11388
11389
11390
11391
11392
11393
11394
11396
11400
11402
11407
11408
11409
11410
11411
11412
11413
11414
11415
11416
11417
11418
11419
11420
11422
11424
11425
11426
11427
11428
11429
11430
11432
11433
11434
11435
11437
11441
11442
11443
11445
11449
11450
11451
11452
11453
11455
11456
11463
11464
11466
11467
11468
11470
11473
11474
11475
11476
11478
11481
11483
11486
11487
11488
11489
11490
11491
11492
11493
11494
11495
11496
11497
11499
11500
11501
11505
11507
11508
11512
11513
11515
11517
11523
11524
11526
11527
11528
11529
11534
11535
11536
11537
11542
11543
11544
11545
11550
11551
11552
11553
11554
11555
11556
11557
11558
11559
11561
11563
11564
11565
11566
11567
11568
11570
11572
11579
11580
11581
11582
11583
11585
11586
11587
11591
11592
11593
11596
11597
11603
11606
11608
11610
11611
11613
11614
11616
11621
11622
11627
11628
11629
11634
11638
11640
11642
11643
11646
11647
11648
11649
11650
11653
11657
11658
11659
11660
11663
11664
11667
11669
11670
11671
11672
11673
11674
11675
11678
11679
11680
11681
11682
11683
11686
11687
11688
11689
11690
11691
11693
11695
11698
11699
11700
11701
11703
11704
11706
11707
11708
11709
11710
11711
11714
11717
11718
11719
11722
11723
11724
11725
11729
11730
11731
11732
11733
11735
11737
11738
11741
11746
11747
11748
11751
11754
11755
11756
11757
11758
11760
11761
11763
11764
11767
11768
11771
11772
11773
11774
11776
11777
11778
11779
11782
11783
11784
11790
11791
11793
11796
11798
11799
11801
11802
11805
11807
11809
11810
11811
11812
11814
11815
11816
11817
11819
11823
11824
11825
11826
11827
11828
11830
11832
11833
11834
11835
11836
11837
11839
11841
11842
11843
11844
11845
11846
11847
11848
11850
11851
11852
11854
11855
11856
11857
11858
11859
11862
11863
11864
11866
11871
11872
11873
11874
11879
11880
11881
11882
11883
11885
11886
11887
11888
11889
11891
11892
11893
11894
11895
11898
11899
11900
11901
11902
11904
11905
11906
11907
11908
11910
11913
11914
11915
11916
11917
11918
11920
11921
11922
11929
11930
11931
11932
11933
11940
11942
11943
11944
11945
11946
11947
11948
11949
11950
11951
11952
11953
11954
11955
11964
11967
11969
11970
11971
11972
11973
11974
11975
11976
11977
11978
11979
11980
11981
11982
11983
11984
11985
11986
11987
11988
11989
11990
11991
11992
11993
11995
11996
11997
11998
11999
12002
12003
12004
12005
12006
12007
12008
12009
12010
12011
12012
12013
12014
12016
12017
12018
12021
12022
12023
12024
12026
12031
12033
12034
12035
12037
12038
12041
12042
12043
12044
12049
12050
12052
12053
12054
12055
12059
12060
12066
12067
12068
12069
12070
12072
12074
12075
12076
12078
12079
12080
12081
12082
12083
12084
12085
12086
12087
12088
12089
12090
12093
12095
12096
12097
12098
12099
12100
12105
12106
12107
12108
12109
12110
12116
12117
12118
12119
12123
12124
12125
12128
12130
12131
12133
12135
12142
12143
12144
12146
12149
12150
12151
12152
12153
12154
12156
12157
12158
12161
12162
12163
12164
12167
12169
12170
12171
12173
12174
12175
12176
12177
12178
12179
12183
12184
12186
12187
12188
12189
12190
12191
12192
12193
12194
12197
12199
12200
12201
12202
12204
12206
12208
12211
12213
12214
12216
12217
12219
12220
12221
12222
12223
12224
12225
12226
12227
12228
12230
12231
12233
12235
12237
12241
12245
12246
12247
12249
12252
12253
12255
12257
12260
12262
12263
12266
12267
12268
12270
12274
12275
12276
12278
12279
12280
12281
12282
12283
12284
12285
12286
12288
12293
12294
12295
12302
12304
12305
12306
12307
12308
12310
12311
12312
12317
12318
12319
12320
12322
12323
12324
12325
12326
12327
12328
12334
12337
12338
12339
12345
12347
12348
12349
12350
12352
12353
12354
12355
12356
12358
12359
12361
12362
12364
12365
12366
12368
12369
12372
12373
12376
12377
12378
12379
12380
12381
12382
12384
12385
12386
12390
12393
12394
12395
12396
12397
12398
12400
12403
12404
12406
12407
12408
12409
12411
12413
12414
12416
12418
12420
12422
12423
12425
12426
12427
12428
12429
12430
12432
12433
12434
12437
12438
12439
12440
12441
12442
12443
12444
12446
12447
12448
12451
12452
12453
12454
12455
12459
12461
12462
12467
12468
12469
12471
12472
12473
12474
12475
12476
12478
12482
12483
12485
12487
12488
12489
12490
12492
12496
12499
12502
12503
12504
12505
12507
12510
12512
12516
12517
12518
12519
12521
12524
12525
12526
12527
12528
12529
12530
12531
12544
12547
12548
12550
12551
12552
12554
12556
12557
12560
12561
12562
12563
12566
12567
12574
12576
12577
12578
12579
12581
12582
12585
12586
12588
12589
12595
12596
12597
12598
12600
12601
12603
12604
12605
12606
12607
12608
12609
12610
12611
12613
12616
12617
12618
12621
12622
12625
12626
12627
12630
12631
12632
12633
12634
12635
12636
12637
12638
12639
12640
12643
12644
12645
12650
12651
12652
12654
12655
12656
12657
12658
12659
12660
12661
12662
12665
12666
12668
12669
12670
12671
12672
12673
12674
12675
12676
12677
12678
12679
12680
12682
12683
12684
12685
12686
12687
12690
12691
12693
12694
12695
12698
12700
12702
12704
12705
12706
12707
12708
12709
12713
12714
12715
12718
12719
12721
12722
12723
12724
12725
12726
12729
12734
12735
12740
12741
12744
12745
12746
12747
12748
12749
12752
12753
12754
12755
12756
12757
12758
12761
12763
12765
12768
12769
12770
12771
12772
12773
12774
12775
12776
12777
12778
12779
12780
12781
12783
12785
12786
12787
12790
12792
12794
12795
12796
12798
12801
12802
12803
12804
12805
12809
12811
12814
12816
12817
12818
12819
12820
12821
12822
12824
12825
12826
12828
12830
12831
12833
12834
12835
12836
12837
12838
12842
12844
12845
12846
12848
12849
12850
12852
12853
12854
12856
12859
12860
12861
12864
12865
12866
12869
12870
12871
12872
12873
12875
12876
12877
12878
12881
12883
12884
12886
12887
12888
12891
12892
12893
12894
12895
12896
12897
12898
12899
12900
12902
12905
12906
12907
12908
12909
12911
12916
12919
12920
12921
12922
12923
12924
12925
12926
12927
12928
12930
12932
12933
12935
12936
12937
12938
12939
12940
12941
12942
12943
12945
12946
12948
12949
12951
12952
12953
12954
12955
12956
12960
12962
12963
12965
12966
12967
12970
12971
12972
12973
12974
12978
12980
12981
12982
12983
12985
12989
12990
12991
12992
12994
12995
12996
12997
12998
12999
13000
13001
13005
13006
13007
13008
13009
13010
13012
13013
13014
13015
13016
13017
13018
13019
13021
13030
13031
13032
13033
13036
13040
13042
13043
13044
13045
13046
13048
13050
13051
13052
13053
13054
13057
13062
13063
13064
13071
13072
13074
13076
13077
13079
13082
13084
13087
13089
13090
13091
13092
13093
13095
13099
13104
13105
13106
13107
13108
13112
13113
13116
13119
13122
13123
13124
13125
13127
13128
13129
13131
13132
13133
13136
13137
13138
13139
13140
13141
13142
13144
13146
13147
13150
13151
13152
13153
13154
13155
13156
13158
13161
13163
13164
13165
13166
13167
13168
13170
13171
13173
13174
13175
13177
13179
13180
13182
13185
13186
13187
13190
13191
13192
13199
13200
13201
13202
13203
13207
13211
13214
13216
13217
13219
13220
13221
13222
13223
13224
13225
13226
13228
13229
13230
13233
13234
13236
13238
13241
13243
13244
13245
13250
13251
13252
13253
13254
13256
13258
13260
13261
13262
13263
13264
13268
13272
13273
13274
13276
13277
13279
13280
13281
13282
13283
13284
13285
13287
13289
13290
13291
13294
13295
13297
13301
13303
13304
13305
13306
13307
13308
13309
13310
13311
13312
13313
13314
13315
13317
13318
13321
13322
13323
13324
13325
13326
13327
13328
13329
13330
13331
13332
13336
13337
13339
13341
13342
13343
13344
13345
13347
13348
13349
13350
13353
13354
13357
13358
13359
13360
13363
13364
13366
13368
13369
13370
13371
13372
13373
13374
13375
13376
13377
13379
13380
13381
13382
13383
13385
13386
13387
13389
13390
13391
13393
13397
13398
13399
13400
13403
13404
13405
13406
13407
13408
13409
13410
13412
13413
13415
13416
13420
13423
13424
13425
13426
13427
13428
13429
13431
13432
13434
13435
13439
13440
13441
13442
13443
13445
13452
13454
13458
13459
13461
13464
13465
13469
13472
13473
13482
13485
13486
13487
13489
13490
13491
13492
13493
13496
13497
13498
13499
13501
13502
13503
13504
13505
13506
13507
13512
13513
13517
13518
13519
13521
13523
13524
13526
13527
13529
13530
13531
13532
13534
13535
13536
13537
13538
13539
13540
13542
13543
13545
13549
13550
13551
13552
13553
13555
13556
13557
13559
13560
13561
13562
13563
13564
13565
13568
13569
13571
13572
13574
13575
13576
13580
13581
13583
13584
13589
13590
13595
13596
13602
13604
13605
13607
13608
13609
13610
13611
13615
13623
13629
13630
13631
13632
13633
13634
13635
13637
13641
13642
13643
13644
13645
13654
13656
13658
13659
13660
13667
13669
13670
13671
13672
13673
13674
13675
13676
13677
13678
13684
13687
13688
13689
13691
13692
13694
13695
13696
13697
13699
13700
13701
13702
13705
13707
13708
13709
13710
13724
13727
13734
13735
13736
13737
13741
13742
13743
13744
13745
13746
13747
13748
13750
13751
13754
13758
13759
13760
13761
13762
13763
13764
13765
13768
13773
13774
13775
13776
13777
13778
13779
13781
13782
13784
13788
13789
13790
13797
13798
13799
13800
13801
13802
13803
13804
13805
13806
13807
13808
13809
13811
13812
13813
13814
13815
13816
13817
13818
13821
13822
13825
13826
13827
13828
13829
13830
13833
13834
13835
13839
13840
13841
13842
13843
13844
13845
13846
13847
13852
13853
13854
13855
13856
13857
13858
13859
13860
13861
13862
13863
13864
13865
13866
13867
13868
13869
13870
13873
13874
13877
13882
13883
13884
13887
13888
13889
13890
13891
13892
13894
13897
13898
13899
13900
13901
13902
13903
13904
13906
13909
13910
13911
13912
13913
13915
13916
13918
13919
13920
13929
13933
13938
13940
13941
13942
13943
13945
13946
13947
13948
13949
13950
13951
13952
13953
13954
13955
13956
13957
13959
13960
13961
13962
13963
13964
13965
13967
13968
13969
13972
13973
13974
13975
13976
13978
13979
13981
13982
13985
13986
13987
13988
13992
13994
13995
13996
13998
13999
14006
14007
14008
14009
14010
14011
14012
14013
14014
14015
14016
14024
14027
14028
14029
14033
14035
14036
14037
14038
14039
14044
14045
14046
14047
14048
14051
14052
14054
14056
14057
14060
14061
14063
14067
14070
14071
14072
14073
14075
14076
14077
14078
14079
14081
14083
14086
14087
14088
14089
14092
14096
14097
14100
14101
14103
14104
14105
14107
14108
14109
14110
14112
14113
14114
14115
14117
14118
14119
14120
14121
14122
14123
14124
14126
14127
14128
14129
14131
14132
14133
14134
14139
14140
14141
14142
14144
14146
14147
14148
14149
14150
14152
14153
14155
14157
14159
14160
14161
14164
14165
14166
14171
14174
14178
14179
14180
14182
14184
14185
14187
14188
14189
14190
14191
14199
14200
14201
14202
14203
14206
14207
14208
14209
14210
14211
14212
14213
14214
14215
14216
14217
14218
14219
14220
14221
14222
14223
14226
14227
14228
14229
14231
14232
14233
14234
14235
14236
14237
14238
14239
14240
14241
14244
14248
14250
14252
14254
14255
14256
14257
14258
14266
14267
14272
14273
14274
14275
14276
14277
14278
14279
14280
14290
14291
14292
14293
14294
14297
14298
14299
14300
14302
14303
14304
14305
14307
14308
14309
14311
14312
14313
14314
14318
14320
14321
14322
14323
14324
14325
14326
14327
14328
14329
14331
14332
14333
14335
14336
14337
14338
14339
14340
14343
14344
14346
14347
14348
14349
14350
14351
14352
14353
14354
14355
14356
14357
14358
14359
14360
14361
14362
14363
14364
14365
14368
14370
14371
14372
14373
14376
14378
14379
14380
14384
14385
14388
14389
14390
14391
14392
14393
14394
14395
14396
14397
14398
14399
14400
14402
14403
14404
14405
14406
14408
14409
14412
14413
14414
14415
14417
14418
14419
14420
14422
14423
14424
14425
14426
14428
14431
14432
14433
14434
14436
14437
14439
14440
14444
14445
14450
14451
14452
14453
14454
14456
14457
14459
14460
14462
14465
14466
14468
14469
14470
14471
14472
14475
14476
14477
14478
14479
14480
14481
14482
14483
14486
14488
14494
14496
14498
14499
14500
14502
14505
14506
14507
14508
14509
14510
14512
14515
14517
14519
14520
14521
14522
14523
14524
14526
14527
14529
14533
14535
14537
14538
14539
14540
14541
14542
14543
14544
14545
14547
14551
14553
14554
14555
14556
14557
14558
14560
14561
14562
14563
14564
14565
14567
14568
14570
14571
14572
14574
14575
14576
14577
14579
14580
14586
14587
14588
14589
14591
14592
14594
14596
14597
14600
14601
14602
14607
14608
14609
14610
14612
14614
14615
14616
14617
14619
14620
14621
14622
14623
14624
14625
14626
14628
14630
14634
14635
14636
14639
14644
14645
14646
14649
14652
14653
14654
14655
14656
14657
14658
14661
14663
14664
14665
14666
14667
14670
14671
14672
14673
14675
14677
14678
14680
14681
14682
14683
14686
14688
14689
14690
14691
14694
14695
14702
14703
14704
14706
14707
14708
14709
14710
14711
14716
14717
14718
14719
14720
14721
14722
14723
14724
14725
14727
14728
14730
14733
14734
14737
14738
14740
14741
14742
14743
14744
14745
14746
14747
14749
14751
14752
14753
14755
14756
14757
14758
14762
14763
14764
14765
14766
14768
14769
14770
14771
14772
14774
14775
14776
14777
14778
14779
14784
14785
14786
14788
14789
14790
14791
14793
14796
14797
14798
14801
14803
14804
14805
14806
14808
14809
14810
14811
14812
14814
14815
14816
14817
14818
14820
14821
14823
14827
14828
14832
14833
14834
14837
14838
14839
14840
14844
14845
14846
14849
14850
14851
14854
14856
14858
14859
14862
14863
14864
14865
14866
14867
14868
14869
14870
14871
14872
14875
14876
14877
14878
14879
14880
14882
14885
14886
14888
14889
14890
14891
14892
14893
14894
14900
14901
14905
14908
14911
14912
14913
14914
14915
14916
14918
14923
14924
14927
14929
14930
14931
14932
14933
14934
14935
14936
14937
14938
14939
14940
14941
14942
14943
14944
14945
14946
14947
14948
14949
14950
14953
14954
14955
14956
14962
14963
14964
14969
14974
14976
14977
14978
14979
14981
14982
14984
14987
14989
14991
14992
14993
14996
14997
14998
14999
15000
15001
15002
15003
15004
15007
15010
15011
15012
15015
15017
15019
15020
15021
15022
15023
15025
15026
15027
15028
15029
15030
15031
15032
15033
15034
15036
15041
15044
15045
15048
15049
15051
15052
15053
15054
15055
15056
15057
15058
15059
15061
15064
15065
15066
15069
15071
15072
15074
15075
15076
15081
15082
15083
15084
15085
15086
15087
15088
15089
15090
15091
15094
15095
15096
15097
15099
15100
15101
15102
15106
15107
15112
15113
15114
15116
15118
15119
15120
15121
15122
15123
15126
15127
15133
15134
15135
15136
15142
15143
15144
15145
15147
15150
15151
15152
15153
15156
15158
15159
15162
15163
15164
15165
15167
15168
15169
15176
15185
15186
15187
15188
15189
15191
15192
15193
15195
15196
15198
15199
15200
15201
15202
15204
15205
15206
15207
15208
15209
15212
15215
15216
15217
15218
15219
15220
15221
15222
15223
15225
15226
15227
15228
15229
15230
15231
15232
15233
15234
15235
15236
15238
15239
15240
15247
15248
15249
15251
15252
15253
15257
15259
15260
15263
15264
15265
15266
15272
15273
15274
15275
15276
15277
15278
15280
15281
15282
15283
15284
15285
15287
15292
15294
15295
15296
15297
15298
15299
15300
15301
15302
15303
15304
15305
15308
15309
15310
15311
15312
15313
15314
15315
15316
15317
15319
15320
15321
15322
15323
15324
15325
15326
15329
15330
15331
15332
15334
15335
15336
15337
15338
15339
15341
15342
15343
15346
15348
15350
15352
15353
15355
15358
15359
15360
15362
15363
15364
15366
15368
15370
15373
15374
15375
15376
15377
15381
15382
15384
15385
15386
15387
15388
15389
15392
15395
15396
15397
15398
15399
15402
15403
15404
15406
15407
15408
15409
15410
15411
15412
15415
15417
15418
15419
15420
15425
15428
15430
15431
15432
15435
15438
15441
15442
15443
15444
15448
15449
15451
15452
15453
15455
15456
15457
15458
15459
15460
15461
15462
15466
15467
15468
15469
15470
15473
15474
15475
15476
15477
15478
15482
15483
15485
15486
15487
15488
15489
15490
15492
15493
15494
15495
15496
15497
15499
15501
15502
15504
15505
15507
15508
15509
15511
15512
15514
15515
15517
15520
15521
15523
15524
15525
15527
15528
15529
15530
15531
15532
15533
15534
15535
15536
15540
15541
15543
15544
15545
15546
15547
15551
15552
15553
15554
15555
15556
15560
15562
15563
15564
15565
15567
15568
15569
15570
15571
15574
15575
15576
15582
15584
15586
15588
15589
15590
15591
15592
15593
15594
15595
15596
15599
15600
15603
15604
15606
15607
15608
15609
15610
15611
15612
15613
15616
15619
15620
15621
15622
15624
15625
15626
15627
15630
15631
15633
15634
15635
15637
15639
15640
15642
15643
15644
15645
15647
15648
15649
15650
15651
15653
15655
15658
15659
15660
15662
15665
15667
15668
15674
15676
15678
15679
15680
15681
15682
15683
15684
15685
15686
15687
15688
15689
15692
15693
15694
15695
15696
15697
15698
15700
15701
15703
15705
15707
15709
15716
15719
15720
15721
15722
15723
15725
15726
15728
15729
15731
15736
15737
15738
15739
15740
15741
15742
15746
15747
15748
15749
15750
15754
15755
15758
15763
15766
15767
15768
15769
15770
15771
15773
15774
15775
15776
15777
15778
15779
15783
15784
15786
15787
15788
15789
15793
15794
15795
15796
15797
15798
15799
15800
15801
15802
15803
15804
15805
15807
15809
15810
15815
15818
15820
15821
15823
15824
15825
15826
15828
15830
15831
15832
15833
15834
15835
15837
15844
15848
15849
15850
15852
15853
15856
15857
15858
15861
15862
15865
15866
15867
15870
15872
15873
15875
15876
15880
15881
15883
15884
15885
15886
15888
15889
15890
15893
15894
15895
15897
15898
15900
15903
15904
15905
15906
15907
15909
15912
15913
15914
15916
15917
15918
15919
15920
15921
15924
15925
15926
15928
15929
15933
15934
15936
15937
15938
15940
15943
15944
15945
15946
15947
15948
15949
15950
15951
15952
15953
15954
15956
15957
15958
15959
15960
15961
15962
15963
15964
15966
15967
15970
15971
15972
15973
15974
15975
15976
15977
15979
15980
15983
15984
15985
15986
15988
15989
15990
15992
15994
15996
15997
15998
15999
16000
16001
16003
16004
16005
16008
16009
16010
16011
16012
16013
16014
16019
16020
16021
16022
16023
16024
16025
16026
16027
16028
16031
16036
16037
16038
16039
16040
16041
16042
16043
16044
16046
16047
16048
16049
16051
16052
16053
16054
16055
16057
16058
16059
16060
16061
16062
16067
16068
16069
16070
16071
16072
16073
16074
16075
16076
16077
16078
16079
16080
16081
16082
16083
16084
16085
16086
16087
16088
16089
16090
16091
16092
16093
16094
16095
16096
16097
16098
16099
16100
16101
16105
16106
16109
16110
16111
16112
16113
16114
16115
16116
16117
16118
16119
16120
16121
16122
16123
16124
16125
16126
16127
16128
16129
16130
16131
16136
16138
16140
16141
16142
16143
16144
16145
16146
16147
16149
16150
16154
16156
16157
16159
16160
16161
16162
16163
16164
16165
16166
16167
16170
16171
16172
16174
16175
16176
16177
16179
16180
16181
16182
16183
16184
16185
16186
16187
16188
16189
16190
16191
16192
16193
16194
16195
16196
16197
16198
16199
16200
16203
16204
16208
16209
16210
16211
16214
16215
16217
16219
16220
16221
16225
16226
16227
16232
16237
16244
16245
16246
16249
16253
16256
16257
16260
16261
16262
16263
16264
16265
16266
16267
16269
16271
16275
16278
16281
16290
16291
16292
16293
16294
16299
16304
16307
16309
16310
16316
16317
16323
16326
16332
16333
16334
16335
16336
16337
16338
16339
16340
16341
16346
16347
16348
16349
16350
16351
16354
16360
16361
16362
16363
16368
16369
16372
16375
16376
16377
16378
16379
16380
16384
16385
16386
16388
16389
16390
16391
16393
16394
16395
16396
16398
16399
16401
16403
16404
16405
16406
16407
16408
16410
16411
16412
16413
16414
16415
16416
16418
16421
16424
16425
16426
16427
16428
16429
16430
16431
16432
16433
16434
16435
16436
16437
16438
16439
16440
16441
16442
16443
16444
16445
16446
16447
16448
16449
16450
16451
16452
16455
16456
16458
16459
16461
16462
16465
16466
16470
16471
16475
16478
16480
16481
16483
16484
16485
16486
16487
16488
16489
16490
16491
16492
16493
16494
16496
16497
16498
16499
16501
16502
16504
16507
16511
16513
16523
16524
16525
16528
16529
16533
16534
16535
16536
16537
16538
16539
16540
16541
16547
16549
16555
16558
16559
16563
16564
16565
16567
16569
16570
16577
16581
16582
16586
16590
16593
16596
16597
16598
16602
16603
16605
16609
16610
16612
16620
16621
16622
16623
16628
16634
16635
16638
16639
16640
16642
16644
16646
16647
16648
16649
16652
16653
16654
16655
16656
16657
16658
16659
16660
16661
16662
16664
16666
16667
16668
16670
16677
16679
16680
16681
16683
16684
16687
16688
16690
16691
16692
16694
16697
16699
16701
16702
16704
16705
16707
16708
16710
16711
16715
16716
16719
16720
16723
16724
16725
16726
16728
16729
16730
16732
16733
16734
16735
16736
16737
16738
16739
16741
16742
16743
16744
16746
16748
16750
16751
16753
16754
16756
16757
16758
16762
16764
16765
16766
16767
16771
16772
16773
16778
16785
16786
16789
16790
16792
16793
16794
16796
16798
16799
16800
16802
16803
16804
16807
16809
16810
16811
16813
16814
16815
16816
16817
16818
16819
16820
16823
16824
16826
16827
16828
16829
16830
16831
16832
16833
16834
16835
16836
16837
16838
16839
16841
16842
16843
16844
16845
16846
16849
16851
16853
16857
16858
16860
16861
16862
16865
16866
16867
16869
16870
16871
16874
16875
16876
16877
16878
16880
16881
16882
16883
16884
16886
16887
16889
16890
16891
16892
16894
16895
16897
16898
16900
16901
16902
16903
16905
16906
16907
16908
16909
16910
16911
16912
16913
16915
16916
16918
16921
16922
16924
16925
16926
16927
16928
16929
16930
16931
16933
16934
16935
16936
16937
16938
16939
16940
16942
16945
16946
16949
16950
16952
16953
16955
16958
16960
16961
16962
16963
16964
16967
16968
16970
16973
16975
16976
16977
16978
16979
16982
16983
16985
16986
16987
16988
16989
16990
16991
16992
16993
16995
16996
16998
16999
17001
17002
17003
17004
17007
17008
17009
17010
17011
17012
17013
17014
17016
17017
17018
17019
17020
17022
17023
17025
17029
17030
17033
17034
17036
17037
17038
17040
17041
17042
17043
17044
17045
17046
17047
17048
17049
17050
17056
17060
17061
17062
17063
17065
17066
17067
17074
17075
17076
17077
17083
17090
17091
17092
17093
17096
17097
17098
17099
17100
17101
17102
17103
17104
17105
17106
17107
17108
17112
17115
17123
17125
17126
17133
17134
17143
17144
17147
17149
17151
17153
17154
17155
17156
17157
17159
17162
17163
17165
17167
17168
17171
17172
17173
17176
17179
17180
17183
17188
17191
17193
17194
17195
17204
17206
17208
17211
17213
17214
17215
17217
17218
17225
17228
17229
17231
17232
17233
17239
17240
17244
17245
17249
17250
17251
17253
17255
17257
17258
17259
17260
17261
17262
17264
17265
17266
17268
17269
17271
17273
17274
17277
17278
17279
17281
17282
17285
17286
17287
17288
17289
17295
17296
17297
17298
17300
17301
17302
17303
17305
17306
17307
17308
17314
17315
17317
17319
17320
17322
17323
17324
17325
17338
17341
17348
17356
17357
17360
17362
17363
17364
17365
17366
17368
17369
17370
17371
17372
17373
17374
17377
17384
17385
17386
17388
17390
17391
17393
17397
17399
17406
17408
17411
17412
17428
17436
17438
17439
17440
17441
17442
17443
17444
17445
17449
17450
17451
17452
17453
17454
17455
17456
17457
17458
17459
17460
17461
17462
17463
17464
17465
17466
17467
17469
17470
17472
17474
17475
17476
17479
17480
17481
17483
17485
17488
17491
17495
17502
17507
17508
17509
17510
17512
17514
17515
17516
17517
17519
17522
17523
17524
17525
17526
17527
17528
17530
17532
17533
17534
17535
17536
17540
17541
17542
17543
17544
17545
17546
17547
17548
17550
17551
17552
17553
17554
17555
17556
17557
17558
17560
17561
17562
17564
17566
17567
17568
17569
17570
17571
17572
17573
17574
17575
17576
17577
17578
17580
17583
17585
17591
17592
17595
17599
17602
17612
17613
17619
17620
17621
17622
17627
17630
17633
17634
17635
17640
17642
17643
17645
17649
17651
17652
17653
17655
17657
17659
17660
17662
17663
17665
17666
17667
17668
17669
17672
17678
17680
17681
17682
17683
17684
17685
17686
17688
17690
17693
17696
17697
17699
17700
17707
17708
17710
17711
17712
17714
17717
17721
17722
17727
17730
17733
17735
17738
17739
17751
17753
17760
17766
17771
17774
17775
17776
17777
17779
17781
17783
17784
17801
17802
17811
17822
17824
17826
17835
17841
17850
17853
17856
17870
17882
17891
17910
17914
17922
17937
17951
17958
17960
17965
17967
17968
17969
17971
17972
17973
17974
17975
17976
17977
17978
17979
17980
17981
17984
17986
17989
17990
17991
17992
17993
17994
17995
17996
17998
17999
18001
18002
18004
18005
18006
18007
18009
18010
18011
18012
18013
18014
18018
18019
18020
18021
18022
18023
18028
18029
18030
18031
18033
18034
18035
18040
18042
18043
18046
18047
18048
18049
18050
18051
18053
18054
18055
18056
18057
18058
18061
18063
18064
18065
18066
18067
18069
18070
18073
18076
18081
18082
18083
18084
18085
18086
18087
18088
18089
18093
18096
18097
18099
18100
18103
18104
18106
18107
18108
18111
18112
18113
18114
18115
18116
18118
18120
18124
18126
18127
18128
18135
18137
18138
18140
18142
18143
18144
18145
18146
18147
18149
18151
18152
18153
18154
18155
18156
18157
18158
18159
18160
18161
18162
18165
18168
18169
18172
18177
18178
18179
18180
18181
18182
18184
18186
18187
18189
18190
18191
18192
18193
18194
18195
18196
18197
18198
18199
18200
18203
18205
18206
18207
18209
18210
18211
18212
18215
18216
18217
18218
18220
18222
18223
18227
18228
18229
18230
18231
18232
18233
18234
18236
18238
18239
18240
18242
18245
18247
18249
18251
18252
18257
18258
18260
18261
18264
18265
18266
18269
18271
18273
18277
18278
18279
18280
18282
18289
18290
18291
18293
18294
18295
18296
18298
18299
18300
18301
18302
18303
18304
18305
18307
18308
18309
18310
18311
18314
18315
18316
18317
18318
18320
18321
18322
18323
18324
18325
18326
18327
18328
18332
18333
18337
18338
18340
18341
18342
18343
18344
18345
18348
18349
18353
18357
18360
18363
18364
18365
18367
18368
18369
18370
18373
18374
18376
18377
18378
18379
18380
18381
18383
18384
18388
18389
18391
18397
18398
18399
18400
18401
18402
18404
18406
18407
18408
18409
18410
18411
18413
18414
18418
18419
18420
18421
18422
18424
18425
18426
18427
18429
18430
18433
18434
18435
18436
18437
18439
18440
18442
18445
18446
18451
18452
18454
18455
18457
18458
18459
18460
18464
18465
18466
18469
18470
18471
18473
18474
18475
18476
18477
18478
18479
18481
18484
18488
18489
18494
18498
18499
18502
18503
18504
18506
18507
18508
18509
18510
18512
18514
18518
18519
18520
18522
18523
18525
18526
18527
18531
18532
18533
18534
18535
18536
18537
18540
18543
18544
18545
18546
18549
18550
18551
18552
18553
18555
18559
18563
18564
18565
18566
18567
18568
18569
18570
18571
18572
18573
18575
18576
18578
18579
18580
18581
18583
18584
18585
18586
18587
18588
18589
18591
18592
18593
18596
18597
18598
18599
18602
18603
18605
18606
18607
18608
18609
18610
18611
18613
18616
18617
18618
18620
18621
18624
18626
18632
18633
18634
18637
18638
18642
18643
18644
18645
18647
18648
18649
18650
18651
18658
18659
18660
18661
18662
18663
18665
18666
18667
18668
18671
18672
18673
18674
18676
18677
18678
18679
18680
18682
18683
18685
18686
18687
18689
18690
18691
18692
18693
18694
18695
18696
18697
18698
18699
18700
18701
18702
18703
18705
18706
18708
18710
18711
18712
18713
18714
18715
18716
18717
18719
18720
18721
18723
18724
18726
18727
18730
18731
18732
18734
18735
18736
18737
18738
18739
18741
18742
18743
18744
18745
18747
18748
18749
18751
18752
18753
18754
18756
18757
18760
18762
18763
18764
18765
18771
18772
18773
18775
18776
18777
18781
18782
18783
18785
18787
18789
18790
18791
18792
18794
18795
18796
18797
18800
18801
18803
18804
18805
18808
18809
18811
18812
18815
18816
18817
18818
18819
18820
18821
18822
18823
18824
18825
18826
18827
18828
18833
18834
18837
18838
18839
18840
18841
18842
18843
18844
18845
18847
18852
18853
18854
18855
18856
18866
18868
18869
18870
18871
18872
18873
18874
18875
18876
18880
18883
18885
18888
18890
18892
18897
18898
18901
18905
18915
18916
18923
18924
18925
18926
18927
18928
18930
18931
18932
18934
18938
18939
18940
18941
18942
18943
18944
18945
18946
18947
18948
18949
18950
18951
18952
18955
18956
18961
18962
18963
18964
18967
18968
18969
18971
18973
18975
18976
18977
18978
18979
18980
18981
18982
18983
18984
18986
18989
18990
18991
19017
19019
19020
19033
19037
19042
19043
19044
19045
19046
19047
19049
19050
19051
19052
19053
19054
19055
19057
19058
19059
19060
19061
19062
19063
19064
19065
19066
19067
19068
19069
19074
19078
19084
19093
19096
19097
19103
19104
19105
19106
19107
19112
19113
19117
19118
19119
19122
19123
19125
19126
19127
19131
19132
19133
19134
19135
19139
19140
19141
19142
19144
19146
19147
19149
19151
19153
19155
19156
19157
19166
19168
19172
19173
19178
19179
19180
19181
19182
19186
19187
19191
19192
19194
19195
19197
19199
19200
19201
19202
19203
19204
19210
19215
19217
19218
19223
19224
19225
19227
19228
19231
19232
19233
19238
19239
19240
19243
19244
19245
19246
19247
19248
19249
19251
19253
19258
19259
19260
19261
19264
19265
19266
19267
19268
19269
19270
19277
19278
19282
19283
19284
19285
19287
19288
19291
19292
19296
19299
19302
19303
19304
19305
19308
19309
19313
19316
19318
19319
19321
19322
19323
19327
19328
19334
19335
19336
19340
19342
19345
19353
19354
19355
19359
19360
19364
19367
19373
19374
19375
19376
19378
19379
19380
19381
19382
19383
19384
19385
19387
19388
19389
19393
19394
19395
19396
19397
19398
19400
19401
19409
19410
19413
19414
19415
19416
19420
19421
19423
19426
19427
19429
19430
19432
19433
19435
19436
19446
19457
19462
19468
19469
19470
19471
19472
19473
19474
19475
19476
19478
19479
19480
19481
19482
19483
19484
19485
19486
19487
19488
19489
19490
19491
19492
19493
19494
19495
19496
19497
19498
19499
19500
19501
19502
19503
19504
19505
19506
19507
19508
19509
19510
19511
19512
19513
19514
19515
19516
19517
19518
19519
19520
19521
19522
19523
19524
19525
19526
19527
19528
19529
19530
19531
19532
19533
19534
19535
19536
19537
19538
19540
19541
19542
19543
19544
19545
19546
19547
19548
19549
19550
19551
19552
19553
19554
19555
19556
19557
19558
19559
19560
19561
19562
19563
19564
19565
19566
19567
19568
19569
19570
19571
19572
19577
19578
19582
19597
19599
19600
19601
19602
19610
19615
19617
19618
19619
19620
19621
19622
19623
19624
19625
19626
19627
19628
19629
19630
19631
19632
19633
19634
19635
19636
19637
19638
19639
19640
19641
19642
19643
19644
19645
19646
19647
19648
19649
19650
19651
19652
19653
19654
19655
19656
19657
19658
19659
19660
19661
19662
19663
19664
19665
19666
19669
19670
19672
19676
19677
19680
19685
19687
19694
19702
19703
19704
19713
19714
19715
19716
19718
19727
19728
19729
19731
19732
19738
19739
19744
19749
19754
19759
19763
19766
19769
19774
19776
19779
19781
19784
19785
19786
19787
19788
19797
19799
19800
19804
19807
19808
19809
19811
19812
19817
19827
19836
19837
19838
19840
19841
19843
19844
19845
19848
19851
19852
19856
19859
19864
19870
19872
19873
19874
19879
19881
19882
19883
19884
19885
19889
19892
19893
19894
19899
19900
19906
19909
19910
19919
19921
19925
19926
19930
19935
19936
19938
19942
19943
19944
19949
19953
19954
19955
19958
19960
19961
19963
19964
19965
19966
19967
19968
19969
19972
19973
19974
19977
19978
19979
19980
19981
19982
19983
19984
19985
19986
19987
19988
19989
19990
19991
19992
19993
19994
19995
19996
19997
19998
20002
20003
20004
20010
20011
20012
20013
20014
20015
20016
20017
20018
20019
20021
20023
20024
20025
20026
20027
20028
20029
20030
20031
20032
20033
20034
20035
20036
20037
20038
20039
20040
20042
20043
20044
20045
20046
20047
20048
20049
20050
20051
20052
20053
20054
20055
20056
20057
20058
20060
20061
20062
20063
20064
20066
20067
20068
20069
20070
20071
20072
20073
20074
20075
20076
20077
20078
20079
20080
20081
20082
20083
20084
20085
20086
20087
20088
20089
20095
20096
20099
20103
20105
20106
20107
20108
20109
20110
20111
20137
20138
20139
20140
20141
20142
20143
20144
20145
20150
20164
20169
20181
20182
20184
20185
20193
20194
20195
20196
20198
20200
20201
20203
20207
20214
20215
20217
20218
20219
20220
20226
20229
20235
20236
20237
20239
20240
20241
20242
20243
20244
20245
20246
20249
20250
20251
20252
20253
20254
20255
20256
20261
20262
20263
20264
20265
20266
20267
20268
20269
20270
20271
20272
20273
20274
20275
20276
20277
20278
20279
20280
20281
20282
20283
20286
20289
20290
20292
20293
20294
20295
20296
20298
20299
20300
20301
20303
20307
20312
20314
20318
20320
20322
20326
20327
20331
20332
20333
20335
20336
20337
20338
20340
20341
20342
20343
20344
20359
