1
2
3
4
8
9
10
11
17
23
25
27
29
31
32
45
46
47
50
51
53
54
55
56
57
58
59
60
61
62
63
64
69
72
73
76
77
78
79
80
85
88
90
96
99
101
103
106
107
109
110
111
117
118
123
124
125
127
128
129
130
131
132
133
134
138
139
140
142
143
149
151
152
154
161
163
164
165
166
167
168
169
172
175
179
183
184
185
187
188
189
191
193
194
195
196
197
199
200
203
206
210
212
213
214
216
217
219
220
221
222
224
226
228
229
230
231
232
234
244
247
248
250
251
252
253
254
255
256
259
260
261
262
265
269
274
275
276
277
280
281
283
284
285
286
287
288
289
290
291
292
296
299
300
302
303
306
307
310
312
313
314
315
316
320
321
324
325
331
332
334
345
346
348
349
350
352
357
358
359
360
361
363
370
371
376
377
381
382
384
385
386
387
388
389
390
391
392
395
396
397
400
401
402
403
404
408
409
410
411
414
415
417
419
420
421
422
423
425
428
433
434
435
436
437
438
439
442
443
444
445
448
449
450
452
453
454
455
456
457
458
459
460
461
462
463
464
465
466
467
471
472
473
477
478
479
480
481
483
484
485
486
487
490
492
493
494
495
496
497
498
499
500
502
503
504
506
509
510
511
512
516
521
522
523
524
526
527
529
530
532
535
537
538
539
541
542
543
544
545
546
547
548
549
550
552
554
555
556
557
558
561
562
565
568
569
570
571
572
574
575
577
580
581
582
583
584
586
587
588
589
590
591
599
606
607
610
611
616
621
624
627
634
637
638
642
644
645
646
648
650
652
653
654
657
659
660
662
663
666
668
670
672
673
675
677
678
679
690
691
693
694
701
702
703
704
706
707
708
709
712
714
716
721
722
723
724
725
726
727
732
733
734
735
736
739
742
745
746
747
748
749
750
751
752
753
754
755
757
758
760
768
769
770
771
772
773
775
776
777
779
780
782
783
784
786
788
791
792
793
794
796
797
799
801
802
809
811
812
813
814
816
818
822
830
831
833
835
836
838
839
840
841
842
847
848
851
852
853
854
855
856
857
858
859
860
861
862
863
864
865
866
867
868
870
872
873
874
875
877
878
879
880
881
884
885
886
891
893
894
895
896
898
899
901
902
903
904
905
906
907
908
909
910
911
913
914
919
923
927
933
935
936
937
940
942
944
946
949
958
959
960
961
962
963
964
965
967
968
969
970
971
972
973
974
977
978
979
981
982
983
984
987
988
989
990
991
992
993
1000
1002
1003
1004
1005
1007
1009
1010
1011
1013
1016
1017
1018
1019
1021
1022
1023
1026
1027
1035
1037
1039
1042
1044
1047
1049
1050
1051
1059
1060
1061
1062
1063
1065
1066
1067
1068
1071
1075
1078
1079
1081
1087
1088
1092
1094
1096
1097
1098
1099
1102
1104
1106
1108
1109
1115
1116
1118
1119
1121
1123
1124
1125
1126
1129
1130
1131
1132
1133
1134
1135
1137
1138
1141
1142
1143
1145
1146
1147
1148
1149
1151
1152
1153
1154
1156
1157
1162
1163
1165
1166
1168
1170
1172
1173
1180
1181
1182
1184
1185
1186
1187
1188
1191
1193
1195
1196
1197
1198
1202
1203
1205
1207
1215
1217
1218
1219
1220
1221
1223
1225
1226
1230
1231
1232
1233
1238
1244
1246
1248
1249
1250
1251
1252
1253
1257
1260
1261
1262
1263
1264
1265
1266
1268
1269
1270
1271
1272
1280
1281
1282
1283
1287
1288
1289
1290
1291
1292
1293
1296
1302
1310
1311
1313
1314
1315
1316
1317
1318
1319
1320
1321
1326
1327
1329
1330
1331
1333
1334
1336
1338
1339
1341
1349
1350
1351
1352
1355
1356
1357
1358
1359
1360
1364
1365
1366
1372
1373
1374
1375
1376
1377
1378
1379
1380
1381
1382
1383
1384
1385
1387
1388
1390
1391
1392
1394
1395
1401
1402
1403
1406
1407
1408
1409
1411
1413
1414
1415
1416
1417
1418
1419
1420
1421
1422
1423
1424
1425
1426
1429
1432
1434
1435
1436
1437
1439
1440
1441
1442
1445
1450
1451
1452
1454
1463
1464
1468
1469
1472
1474
1475
1477
1478
1480
1481
1482
1484
1485
1486
1488
1489
1491
1493
1494
1495
1497
1498
1502
1503
1504
1505
1506
1507
1509
1513
1514
1521
1523
1524
1525
1526
1527
1528
1529
1530
1539
1540
1541
1542
1543
1544
1547
1548
1549
1550
1552
1554
1555
1556
1557
1558
1562
1563
1564
1565
1566
1569
1572
1574
1576
1579
1580
1581
1585
1591
1592
1593
1594
1598
1599
1603
1604
1606
1607
1608
1609
1620
1621
1624
1625
1626
1627
1628
1637
1638
1639
1640
1644
1648
1649
1651
1652
1653
1654
1655
1656
1657
1658
1659
1660
1661
1665
1666
1667
1668
1669
1670
1671
1680
1683
1684
1690
1692
1693
1697
1698
1700
1701
1702
1703
1704
1705
1707
1708
1710
1711
1712
1713
1714
1715
1716
1717
1719
1720
1721
1722
1723
1724
1725
1726
1727
1728
1729
1730
1732
1735
1736
1737
1738
1740
1741
1743
1744
1746
1750
1751
1759
1761
1763
1766
1768
1769
1770
1775
1776
1777
1783
1793
1794
1798
1799
1800
1808
1810
1816
1818
1819
1820
1823
1824
1833
1834
1835
1839
1840
1842
1843
1846
1848
1849
1850
1851
1852
1853
1855
1858
1859
1863
1864
1865
1868
1869
1870
1872
1873
1874
1875
1876
1877
1879
1884
1887
1889
1890
1898
1899
1900
1901
1903
1907
1909
1910
1911
1913
1915
1916
1918
1919
1920
1921
1922
1923
1924
1926
1927
1928
1929
1930
1932
1935
1936
1937
1942
1943
1944
1950
1951
1952
1954
1955
1956
1957
1958
1961
1962
1963
1964
1965
1982
1983
1984
1985
1986
1987
1988
1989
1991
1992
1993
1998
1999
2001
2003
2004
2005
2006
2007
2008
2009
2013
2016
2021
2024
2027
2029
2030
2032
2034
2037
2039
2042
2044
2053
2055
2056
2057
2058
2060
2061
2063
2064
2068
2069
2074
2075
2080
2089
2090
2091
2092
2093
2095
2096
2097
2098
2099
2101
2105
2107
2108
2109
2110
2112
2113
2114
2115
2116
2118
2119
2120
2121
2123
2125
2127
2128
2129
2130
2131
2132
2134
2135
2137
2138
2139
2141
2142
2143
2145
2146
2148
2149
2152
2153
2155
2156
2157
2158
2165
2166
2167
2169
2170
2171
2174
2175
2176
2177
2180
2182
2183
2184
2185
2187
2192
2193
2194
2195
2196
2197
2198
2199
2201
2202
2204
2205
2206
2207
2208
2209
2212
2213
2214
2216
2217
2221
2222
2224
2226
2228
2229
2230
2231
2237
2238
2241
2242
2243
2244
2245
2246
2249
2254
2255
2256
2257
2258
2259
2260
2261
2262
2263
2264
2265
2266
2268
2269
2270
2273
2275
2276
2277
2278
2281
2283
2284
2285
2288
2289
2290
2291
2292
2293
2295
2296
2297
2298
2299
2303
2304
2305
2321
2322
2323
2326
2329
2330
2333
2335
2336
2337
2339
2340
2341
2342
2343
2348
2349
2351
2352
2353
2354
2355
2356
2359
2360
2362
2363
2364
2365
2366
2369
2370
2372
2373
2374
2376
2377
2378
2380
2382
2383
2384
2385
2386
2388
2389
2392
2394
2396
2397
2398
2399
2402
2405
2407
2409
2411
2412
2413
2414
2415
2416
2418
2419
2420
2421
2422
2425
2430
2431
2433
2434
2435
2438
2441
2442
2443
2444
2445
2446
2449
2452
2453
2454
2455
2456
2461
2463
2466
2469
2470
2471
2472
2473
2474
2476
2477
2478
2480
2481
2482
2486
2488
2489
2490
2492
2493
2495
2496
2497
2498
2499
2500
2504
2506
2507
2508
2509
2510
2512
2517
2518
2519
2520
2521
2522
2523
2525
2526
2528
2529
2530
2532
2534
2536
2537
2538
2539
2540
2542
2543
2544
2547
2548
2552
2559
2560
2564
2565
2566
2567
2568
2569
2570
2571
2572
2575
2579
2580
2581
2582
2585
2586
2588
2589
2591
2592
2593
2594
2597
2598
2600
2601
2602
2603
2607
2608
2609
2610
2615
2616
2618
2622
2626
2631
2638
2639
2642
2644
2645
2649
2650
2651
2653
2654
2655
2656
2657
2658
2659
2661
2662
2663
2666
2667
2669
2670
2671
2673
2674
2676
2678
2679
2682
2683
2684
2685
2686
2687
2688
2690
2691
2692
2696
2697
2699
2701
2702
2703
2704
2705
2709
2710
2711
2712
2713
2723
2726
2728
2729
2738
2739
2741
2742
2743
2744
2746
2747
2748
2749
2750
2752
2753
2755
2756
2757
2758
2760
2761
2764
2768
2769
2770
2771
2772
2773
2775
2777
2778
2780
2782
2784
2785
2786
2787
2788
2801
2802
2804
2807
2808
2812
2813
2814
2815
2818
2819
2823
2824
2825
2826
2827
2831
2832
2833
2834
2837
2838
2839
2840
2843
2844
2849
2850
2851
2853
2854
2855
2857
2858
2863
2864
2865
2867
2869
2871
2873
2874
2875
2878
2879
2881
2883
2884
2885
2888
2892
2893
2895
2896
2898
2902
2903
2904
2909
2910
2911
2913
2914
2916
2921
2927
2928
2933
2936
2937
2938
2942
2944
2947
2948
2952
2953
2954
2959
2960
2962
2964
2965
2967
2968
2969
2970
2971
2972
2974
2977
2979
2980
2981
2982
2987
2988
2991
2996
2997
2998
2999
3000
3003
3005
3007
3008
3014
3018
3020
3021
3023
3024
3025
3026
3028
3032
3033
3037
3038
3039
3042
3043
3044
3046
3047
3048
3049
3050
3051
3055
3056
3057
3060
3063
3065
3067
3068
3069
3070
3072
3073
3074
3075
3078
3081
3085
3086
3088
3089
3091
3094
3095
3096
3097
3098
3100
3101
3102
3103
3104
3105
3106
3109
3110
3112
3113
3116
3120
3127
3128
3129
3130
3134
3136
3137
3138
3140
3142
3143
3146
3147
3150
3151
3153
3154
3156
3157
3158
3162
3163
3166
3167
3168
3169
3170
3171
3172
3174
3175
3177
3179
3180
3181
3183
3184
3185
3186
3187
3188
3190
3194
3198
3201
3202
3203
3204
3205
3206
3207
3208
3209
3210
3212
3214
3220
3224
3225
3226
3227
3228
3231
3232
3233
3234
3235
3236
3239
3240
3246
3247
3248
3249
3250
3251
3253
3254
3255
3256
3259
3260
3261
3262
3263
3264
3266
3269
3270
3276
3277
3278
3279
3280
3281
3283
3286
3288
3290
3291
3293
3295
3296
3297
3298
3301
3305
3306
3307
3309
3310
3311
3312
3314
3316
3317
3321
3322
3323
3324
3330
3333
3337
3338
3339
3341
3345
3347
3348
3349
3350
3351
3352
3353
3354
3355
3356
3357
3358
3360
3361
3362
3367
3370
3372
3373
3375
3380
3381
3382
3383
3384
3385
3386
3387
3391
3392
3393
3394
3395
3396
3397
3399
3400
3401
3403
3404
3407
3409
3411
3412
3413
3417
3418
3419
3420
3421
3422
3423
3424
3426
3427
3433
3434
3435
3438
3441
3445
3449
3450
3451
3453
3454
3461
3463
3464
3465
3467
3468
3469
3471
3472
3475
3477
3479
3480
3481
3483
3486
3489
3490
3491
3492
3494
3495
3496
3497
3500
3501
3502
3505
3506
3508
3510
3511
3512
3513
3514
3518
3519
3520
3523
3524
3525
3528
3530
3531
3537
3538
3539
3540
3542
3543
3544
3545
3546
3547
3548
3550
3552
3553
3554
3555
3559
3560
3561
3562
3563
3564
3565
3566
3567
3571
3572
3573
3579
3580
3582
3583
3585
3587
3588
3592
3594
3595
3596
3597
3598
3601
3602
3605
3608
3610
3612
3613
3614
3616
3617
3621
3625
3626
3627
3628
3630
3633
3637
3638
3639
3640
3641
3642
3643
3644
3645
3646
3648
3650
3657
3661
3662
3663
3664
3665
3666
3667
3668
3671
3672
3676
3679
3680
3683
3685
3688
3689
3690
3691
3692
3694
3696
3698
3699
3700
3701
3705
3706
3707
3711
3712
3713
3714
3717
3719
3720
3721
3722
3723
3724
3725
3726
3727
3728
3730
3731
3733
3734
3735
3736
3738
3739
3740
3741
3743
3744
3749
3753
3754
3755
3756
3759
3760
3765
3771
3772
3773
3775
3776
3777
3780
3781
3784
3786
3787
3790
3791
3794
3795
3796
3797
3799
3800
3801
3807
3808
3809
3810
3811
3814
3815
3816
3817
3818
3819
3821
3824
3825
3826
3827
3828
3829
3835
3838
3839
3840
3841
3842
3845
3846
3847
3848
3849
3850
3851
3854
3862
3863
3864
3866
3867
3869
3870
3871
3872
3873
3875
3876
3877
3883
3885
3888
3890
3891
3892
3893
3903
3905
3906
3907
3914
3915
3918
3919
3920
3922
3923
3928
3930
3931
3933
3934
3938
3940
3941
3944
3950
3951
3952
3953
3954
3958
3959
3960
3962
3963
3964
3965
3966
3967
3968
3970
3975
3976
3978
3980
3981
3982
3983
3984
3985
3988
3989
3990
3991
3992
3995
3996
3997
4000
4006
4008
4009
4010
4011
4012
4013
4016
4017
4019
4020
4021
4024
4025
4027
4031
4033
4034
4035
4036
4037
4038
4043
4044
4045
4047
4049
4051
4052
4053
4054
4055
4057
4061
4062
4063
4064
4065
4066
4067
4068
4069
4070
4071
4073
4074
4076
4078
4079
4080
4081
4082
4089
4093
4097
4098
4099
4102
4105
4106
4108
4109
4110
4111
4115
4116
4121
4123
4124
4125
4127
4128
4129
4130
4131
4132
4133
4134
4136
4141
4142
4143
4146
4147
4149
4151
4153
4154
4155
4156
4157
4158
4159
4169
4170
4172
4173
4179
4180
4184
4185
4186
4187
4188
4189
4190
4193
4194
4198
4199
4200
4203
4205
4207
4208
4211
4214
4216
4217
4219
4222
4223
4225
4228
4229
4230
4231
4233
4237
4238
4239
4240
4241
4242
4244
4245
4247
4248
4250
4251
4254
4255
4257
4259
4260
4261
4262
4265
4266
4269
4272
4274
4276
4277
4278
4279
4281
4282
4283
4285
4286
4287
4288
4289
4290
4292
4295
4296
4297
4298
4299
4301
4302
4305
4313
4316
4318
4319
4320
4322
4323
4324
4326
4327
4329
4330
4331
4339
4340
4342
4345
4348
4349
4351
4357
4358
4359
4360
4361
4363
4364
4365
4366
4367
4368
4370
4371
4376
4377
4379
4380
4381
4382
4383
4385
4387
4388
4389
4390
4392
4394
4395
4396
4398
4399
4400
4401
4403
4404
4405
4406
4407
4408
4409
4410
4412
4413
4416
4417
4418
4419
4421
4423
4424
4425
4427
4428
4429
4433
4435
4436
4437
4438
4439
4443
4444
4446
4449
4451
4456
4458
4459
4463
4464
4465
4468
4470
4472
4475
4476
4477
4478
4479
4488
4490
4493
4495
4497
4499
4501
4502
4503
4505
4508
4509
4510
4511
4512
4513
4514
4515
4516
4517
4518
4519
4520
4522
4523
4524
4525
4526
4527
4530
4531
4532
4533
4534
4538
4539
4540
4542
4543
4544
4545
4547
4548
4549
4551
4554
4557
4561
4562
4564
4565
4566
4567
4568
4569
4570
4576
4578
4579
4580
4581
4583
4585
4586
4587
4588
4591
4594
4595
4596
4598
4599
4601
4608
4609
4610
4611
4612
4614
4615
4617
4618
4620
4622
4624
4625
4627
4629
4630
4632
4633
4634
4636
4640
4642
4646
4649
4650
4652
4653
4654
4655
4656
4658
4659
4660
4661
4662
4664
4666
4673
4674
4675
4676
4677
4678
4679
4680
4681
4682
4684
4688
4692
4693
4694
4695
4701
4702
4703
4704
4705
4706
4708
4710
4711
4712
4714
4715
4716
4720
4721
4722
4723
4725
4727
4728
4734
4736
4740
4742
4749
4752
4755
4759
4760
4761
4764
4765
4766
4769
4771
4772
4773
4774
4775
4777
4778
4779
4780
4781
4783
4784
4786
4789
4793
4794
4795
4796
4797
4798
4801
4803
4809
4810
4811
4812
4813
4814
4815
4816
4817
4818
4819
4820
4821
4822
4824
4825
4832
4838
4839
4841
4842
4844
4845
4848
4849
4851
4852
4857
4858
4859
4861
4862
4865
4866
4867
4868
4869
4871
4873
4874
4876
4877
4878
4882
4883
4887
4888
4889
4890
4891
4892
4894
4896
4898
4899
4900
4906
4908
4909
4910
4911
4912
4914
4917
4918
4919
4920
4922
4923
4926
4927
4928
4929
4932
4935
4936
4937
4938
4939
4940
4941
4942
4943
4944
4946
4947
4951
4952
4953
4962
4965
4966
4968
4969
4970
4971
4972
4973
4975
4976
4978
4979
4980
4981
4982
4983
4984
4985
4989
4990
4991
4992
4997
4998
5002
5007
5008
5009
5010
5013
5017
5019
5023
5024
5025
5026
5027
5035
5036
5038
5040
5042
5043
5044
5046
5047
5048
5049
5050
5051
5052
5053
5054
5056
5057
5058
5059
5060
5063
5068
5069
5070
5071
5072
5073
5074
5081
5082
5083
5084
5085
5087
5090
5091
5094
5095
5096
5097
5098
5100
5101
5102
5108
5109
5112
5113
5114
5117
5119
5120
5121
5123
5127
5129
5130
5131
5135
5137
5142
5143
5149
5153
5155
5157
5159
5162
5163
5164
5166
5167
5168
5169
5170
5171
5174
5175
5176
5177
5178
5180
5181
5182
5185
5186
5188
5189
5190
5191
5192
5195
5201
5202
5207
5210
5211
5217
5218
5219
5220
5221
5225
5228
5229
5230
5231
5232
5233
5234
5238
5239
5244
5245
5246
5249
5251
5254
5255
5257
5260
5265
5270
5271
5272
5273
5274
5275
5276
5277
5279
5281
5286
5287
5289
5290
5291
5293
5295
5296
5297
5299
5304
5306
5307
5308
5309
5310
5312
5313
5317
5318
5323
5325
5326
5327
5328
5330
5332
5334
5335
5337
5339
5340
5341
5342
5343
5344
5345
5346
5352
5353
5354
5355
5356
5358
5359
5365
5368
5369
5371
5372
5382
5383
5384
5385
5386
5387
5388
5389
5390
5391
5392
5394
5397
5398
5401
5404
5409
5410
5411
5412
5413
5416
5418
5421
5423
5427
5428
5429
5435
5436
5437
5438
5439
5440
5452
5454
5455
5459
5460
5463
5464
5466
5467
5469
5470
5472
5477
5478
5481
5482
5483
5484
5485
5487
5492
5493
5494
5495
5496
5498
5500
5501
5502
5503
5505
5508
5509
5512
5513
5514
5515
5517
5518
5522
5523
5524
5525
5526
5528
5529
5532
5536
5537
5540
5541
5542
5544
5545
5546
5547
5548
5549
5550
5553
5556
5557
5558
5559
5560
5561
5563
5566
5568
5569
5570
5572
5573
5574
5575
5577
5579
5581
5582
5583
5590
5591
5592
5593
5594
5595
5598
5599
5602
5603
5604
5605
5606
5607
5608
5609
5612
5613
5615
5618
5619
5621
5622
5623
5624
5625
5627
5629
5630
5631
5632
5633
5634
5635
5636
5638
5639
5640
5641
5642
5644
5646
5647
5649
5650
5656
5657
5658
5662
5665
5668
5669
5671
5672
5673
5676
5680
5683
5686
5687
5697
5698
5699
5700
5701
5707
5708
5711
5712
5715
5717
5718
5719
5720
5721
5722
5723
5724
5726
5727
5729
5732
5733
5734
5735
5736
5737
5738
5739
5740
5744
5747
5748
5750
5752
5753
5754
5755
5756
5757
5758
5760
5761
5762
5765
5766
5767
5771
5772
5773
5774
5778
5780
5781
5782
5789
5790
5791
5792
5793
5794
5795
5796
5797
5798
5799
5800
5801
5802
5803
5804
5805
5806
5809
5810
5811
5812
5813
5815
5824
5825
5827
5830
5831
5832
5833
5834
5835
5836
5837
5844
5847
5848
5850
5851
5852
5853
5854
5856
5857
5861
5862
5863
5864
5865
5866
5868
5869
5870
5871
5873
5876
5882
5883
5884
5885
5886
5887
5888
5890
5891
5892
5894
5896
5898
5899
5900
5901
5906
5907
5909
5910
5913
5914
5915
5918
5919
5920
5921
5922
5923
5925
5927
5928
5938
5939
5941
5942
5945
5951
5955
5960
5962
5965
5966
5967
5968
5969
5970
5971
5973
5974
5975
5976
5977
5981
5983
5984
5985
5986
5987
5988
5991
5992
5998
5999
6000
6001
6002
6003
6006
6008
6010
6012
6013
6015
6016
6018
6019
6021
6022
6023
6025
6026
6027
6028
6029
6036
6038
6039
6040
6045
6046
6047
6051
6052
6053
6054
6055
6056
6059
6060
6061
6066
6067
6068
6069
6070
6073
6074
6075
6076
6077
6078
6080
6081
6082
6084
6087
6088
6089
6092
6093
6094
6095
6096
6098
6101
6102
6108
6109
6111
6118
6120
6121
6122
6123
6124
6126
6128
6129
6132
6133
6134
6137
6141
6142
6144
6145
6148
6150
6151
6152
6158
6161
6164
6165
6166
6168
6171
6172
6173
6178
6179
6180
6181
6183
6184
6185
6188
6198
6202
6203
6204
6205
6206
6207
6208
6209
6210
6211
6212
6213
6216
6218
6219
6220
6223
6224
6226
6227
6229
6232
6233
6235
6236
6237
6238
6239
6240
6241
6242
6243
6244
6245
6246
6247
6249
6251
6253
6258
6262
6264
6265
6266
6267
6270
6271
6273
6275
6276
6278
6280
6281
6282
6283
6285
6286
6287
6288
6293
6302
6305
6306
6308
6311
6314
6316
6317
6318
6319
6323
6324
6325
6326
6329
6333
6334
6338
6339
6341
6342
6344
6345
6347
6348
6349
6350
6351
6352
6353
6354
6355
6356
6357
6358
6359
6361
6363
6364
6369
6370
6371
6372
6373
6374
6379
6381
6382
6383
6385
6388
6390
6391
6394
6395
6396
6397
6398
6400
6402
6404
6405
6406
6408
6411
6413
6414
6415
6416
6417
6418
6419
6420
6421
6422
6423
6425
6426
6427
6428
6429
6433
6435
6437
6439
6442
6443
6444
6445
6449
6451
6452
6454
6455
6456
6459
6460
6463
6465
6466
6467
6468
6470
6471
6472
6474
6476
6477
6478
6479
6480
6481
6484
6485
6487
6490
6493
6495
6498
6499
6500
6501
6508
6509
6510
6511
6512
6515
6516
6517
6519
6520
6531
6532
6533
6534
6543
6544
6545
6546
6547
6549
6551
6553
6554
6560
6563
6564
6565
6566
6568
6569
6570
6571
6575
6576
6577
6578
6582
6588
6589
6590
6591
6592
6597
6598
6602
6604
6605
6606
6607
6609
6610
6611
6612
6613
6615
6616
6617
6619
6621
6622
6625
6626
6629
6630
6632
6633
6634
6639
6640
6641
6642
6643
6645
6646
6649
6650
6651
6653
6654
6655
6656
6657
6659
6660
6661
6662
6663
6664
6665
6666
6668
6669
6670
6671
6674
6675
6676
6677
6678
6688
6689
6691
6692
6693
6694
6697
6698
6700
6702
6703
6706
6708
6709
6710
6711
6712
6714
6715
6716
6717
6718
6719
6720
6721
6722
6723
6725
6726
6727
6728
6729
6732
6733
6734
6736
6738
6739
6740
6741
6742
6743
6744
6745
6746
6748
6749
6751
6754
6756
6757
6759
6760
6761
6762
6763
6764
6765
6767
6769
6770
6782
6783
6784
6785
6787
6788
6789
6790
6797
6799
6800
6801
6802
6804
6805
6807
6809
6811
6822
6825
6826
6827
6828
6829
6830
6832
6833
6837
6843
6844
6845
6846
6848
6849
6850
6851
6852
6853
6862
6863
6864
6868
6870
6875
6876
6877
6880
6881
6882
6884
6885
6887
6890
6891
6892
6894
6895
6896
6897
6898
6899
6900
6904
6907
6908
6910
6911
6914
6916
6919
6921
6922
6923
6924
6925
6926
6927
6928
6930
6931
6932
6935
6936
6937
6938
6939
6940
6941
6942
6943
6944
6946
6947
6948
6950
6952
6954
6955
6956
6960
6961
6962
6968
6969
6970
6971
6972
6974
6975
6976
6977
6980
6981
6982
6983
6984
6987
6988
6989
6990
6991
6992
6993
6994
6995
6996
6997
6999
7001
7005
7006
7009
7010
7011
7012
7014
7018
7020
7023
7024
7025
7026
7027
7028
7029
7034
7037
7038
7039
7040
7041
7042
7044
7045
7047
7049
7053
7054
7057
7063
7064
7065
7066
7067
7071
7072
7073
7074
7077
7082
7084
7085
7088
7091
7092
7095
7096
7098
7100
7101
7102
7104
7106
7107
7110
7112
7114
7115
7116
7118
7119
7122
7123
7124
7127
7128
7130
7131
7134
7135
7136
7137
7141
7146
7147
7149
7150
7151
7152
7153
7154
7156
7157
7158
7159
7160
7161
7164
7165
7169
7170
7174
7177
7180
7184
7185
7186
7188
7189
7190
7191
7194
7195
7196
7197
7198
7199
7200
7203
7204
7206
7208
7209
7210
7211
7212
7213
7215
7217
7218
7219
7220
7221
7223
7224
7225
7226
7227
7233
7235
7236
7237
7238
7239
7240
7242
7244
7245
7246
7251
7252
7254
7256
7257
7258
7259
7260
7261
7263
7264
7266
7267
7268
7270
7271
7272
7273
7274
7275
7276
7278
7281
7282
7283
7284
7285
7286
7287
7288
7289
7290
7291
7294
7295
7301
7302
7304
7305
7311
7313
7314
7315
7316
7317
7318
7326
7327
7328
7329
7330
7332
7334
7337
7340
7341
7342
7343
7351
7354
7359
7360
7364
7365
7366
7367
7368
7369
7370
7371
7372
7373
7374
7381
7385
7386
7387
7390
7391
7392
7393
7396
7397
7398
7399
7400
7402
7404
7408
7409
7411
7412
7425
7426
7427
7428
7430
7431
7434
7435
7436
7438
7443
7444
7445
7446
7447
7448
7449
7450
7451
7452
7454
7455
7456
7457
7458
7461
7462
7463
7466
7467
7468
7472
7474
7477
7478
7479
7480
7482
7483
7484
7485
7486
7487
7489
7490
7491
7492
7493
7496
7498
7501
7502
7503
7505
7506
7507
7509
7510
7511
7514
7515
7516
7518
7519
7520
7521
7522
7524
7525
7529
7530
7532
7533
7535
7538
7539
7540
7541
7542
7543
7544
7545
7546
7547
7550
7551
7553
7554
7555
7558
7560
7562
7563
7564
7568
7569
7570
7571
7573
7574
7575
7576
7577
7578
7579
7580
7581
7582
7584
7585
7586
7587
7588
7589
7591
7592
7597
7598
7599
7600
7601
7602
7603
7607
7617
7618
7621
7622
7623
7625
7626
7627
7628
7629
7630
7631
7632
7633
7635
7638
7639
7640
7641
7643
7644
7646
7647
7648
7650
7651
7656
7658
7660
7666
7667
7669
7670
7671
7673
7675
7678
7679
7680
7681
7682
7684
7685
7686
7687
7688
7693
7694
7695
7696
7697
7698
7700
7702
7703
7704
7705
7706
7707
7708
7709
7710
7711
7712
7714
7717
7718
7720
7721
7724
7728
7729
7730
7735
7736
7737
7745
7747
7748
7749
7750
7752
7756
7757
7758
7759
7761
7762
7763
7764
7768
7774
7775
7782
7784
7785
7788
7794
7797
7798
7802
7803
7804
7806
7809
7810
7811
7815
7816
7817
7822
7823
7824
7825
7826
7829
7830
7831
7833
7834
7835
7836
7838
7839
7842
7843
7844
7845
7847
7848
7853
7856
7857
7858
7859
7860
7861
7862
7865
7866
7869
7870
7871
7872
7873
7874
7877
7878
7879
7881
7883
7884
7887
7889
7891
7892
7894
7898
7899
7900
7901
7902
7903
7908
7917
7920
7921
7922
7924
7925
7926
7927
7928
7929
7934
7935
7936
7937
7938
7939
7942
7946
7948
7953
7954
7955
7958
7960
7962
7964
7966
7971
7972
7973
7975
7977
7978
7983
7984
7985
7990
7993
7994
8003
8006
8007
8010
8012
8014
8016
8017
8018
8019
8020
8022
8027
8028
8029
8030
8031
8032
8035
8036
8038
8039
8040
8041
8042
8045
8049
8050
8055
8056
8057
8058
8059
8060
8061
8062
8063
8068
8074
8075
8076
8077
8078
8079
8080
8081
8082
8084
8085
8086
8090
8091
8092
8095
8096
8099
8102
8103
8104
8106
8108
8109
8110
8111
8112
8113
8114
8122
8123
8125
8126
8129
8130
8132
8135
8137
8138
8139
8144
8145
8152
8153
8154
8155
8156
8159
8160
8161
8162
8163
8164
8170
8173
8179
8180
8181
8184
8192
8193
8194
8195
8196
8197
8198
8199
8203
8204
8205
8206
8207
8208
8209
8211
8212
8217
8220
8222
8223
8224
8225
8226
8229
8230
8231
8232
8233
8234
8235
8236
8239
8240
8241
8244
8246
8248
8252
8253
8254
8256
8260
8261
8262
8263
8264
8266
8267
8268
8269
8270
8271
8273
8274
8275
8279
8280
8281
8282
8284
8285
8286
8291
8295
8296
8297
8299
8300
8302
8303
8304
8308
8309
8310
8311
8312
8313
8314
8316
8317
8318
8320
8321
8323
8324
8325
8326
8336
8337
8338
8339
8341
8342
8343
8344
8345
8346
8349
8350
8351
8352
8353
8358
8360
8362
8363
8364
8365
8367
8368
8369
8370
8371
8372
8374
8376
8377
8378
8379
8381
8385
8386
8387
8388
8389
8391
8392
8393
8396
8398
8401
8402
8403
8404
8405
8406
8407
8417
8418
8419
8421
8423
8424
8425
8429
8430
8432
8433
8434
8435
8436
8437
8438
8443
8444
8445
8447
8451
8452
8453
8456
8457
8458
8459
8463
8464
8468
8469
8470
8471
8474
8475
8477
8479
8480
8481
8484
8485
8486
8488
8492
8493
8494
8496
8498
8500
8501
8502
8503
8505
8507
8508
8509
8510
8512
8513
8514
8515
8517
8518
8519
8520
8521
8522
8524
8525
8526
8527
8535
8537
8538
8539
8540
8542
8543
8545
8546
8547
8548
8550
8551
8553
8554
8555
8556
8558
8564
8566
8567
8568
8569
8570
8571
8572
8573
8574
8575
8578
8579
8581
8582
8583
8584
8585
8586
8587
8588
8589
8590
8591
8594
8598
8600
8603
8604
8605
8610
8611
8612
8614
8615
8616
8617
8619
8622
8623
8624
8626
8628
8629
8630
8631
8632
8633
8634
8635
8636
8637
8641
8642
8643
8644
8645
8646
8647
8648
8649
8650
8651
8654
8655
8657
8661
8662
8664
8665
8666
8667
8672
8674
8675
8676
8677
8680
8681
8684
8686
8687
8689
8691
8692
8694
8696
8697
8699
8700
8701
8703
8706
8707
8708
8709
8710
8711
8712
8713
8715
8716
8717
8718
8719
8720
8721
8724
8725
8726
8727
8728
8729
8733
8738
8739
8740
8741
8742
8743
8744
8748
8753
8754
8755
8756
8763
8764
8767
8768
8769
8773
8774
8777
8778
8779
8781
8785
8786
8787
8788
8789
8791
8796
8798
8799
8808
8810
8816
8817
8818
8820
8822
8823
8824
8825
8826
8827
8828
8834
8835
8838
8839
8840
8841
8843
8847
8848
8853
8855
8856
8857
8858
8859
8863
8866
8867
8871
8874
8877
8878
8879
8880
8881
8883
8884
8887
8888
8893
8895
8896
8898
8900
8906
8910
8911
8913
8914
8916
8918
8921
8922
8923
8926
8927
8930
8931
8932
8934
8935
8936
8937
8938
8939
8943
8945
8946
8948
8949
8950
8951
8952
8953
8954
8956
8957
8959
8960
8963
8964
8965
8966
8967
8968
8969
8970
8971
8972
8973
8974
8976
8977
8981
8982
8983
8984
8986
8990
8991
8995
8996
8997
8998
8999
9000
9002
9003
9004
9005
9007
9008
9009
9010
9011
9013
9014
9017
9018
9019
9020
9023
9024
9025
9026
9027
9028
9029
9032
9033
9035
9038
9039
9043
9044
9045
9048
9049
9050
9053
9054
9055
9059
9063
9065
9066
9067
9068
9069
9070
9071
9072
9073
9074
9077
9080
9081
9083
9087
9094
9095
9096
9098
9110
9115
9116
9117
9118
9120
9121
9122
9123
9124
9125
9126
9129
9130
9131
9132
9146
9148
9149
9151
9152
9154
9157
9158
9159
9161
9163
9165
9166
9167
9168
9173
9174
9175
9181
9182
9187
9188
9189
9190
9191
9194
9195
9199
9200
9210
9212
9213
9214
9215
9217
9218
9220
9223
9224
9225
9227
9228
9229
9232
9234
9236
9238
9239
9242
9243
9244
9245
9246
9247
9248
9256
9258
9264
9265
9266
9274
9276
9278
9280
9281
9282
9284
9285
9286
9287
9291
9292
9301
9302
9304
9305
9306
9307
9308
9309
9310
9319
9320
9321
9322
9323
9324
9325
9326
9328
9329
9330
9331
9339
9340
9343
9345
9346
9349
9350
9351
9352
9354
9357
9358
9359
9365
9366
9367
9369
9373
9375
9378
9382
9384
9386
9389
9392
9393
9396
9397
9398
9399
9401
9402
9403
9405
9406
9407
9409
9410
9411
9413
9414
9415
9416
9417
9419
9420
9421
9422
9423
9427
9428
9429
9432
9433
9434
9435
9437
9438
9441
9442
9443
9444
9445
9446
9450
9451
9452
9454
9456
9459
9460
9461
9462
9463
9464
9467
9468
9469
9470
9471
9472
9473
9474
9475
9478
9479
9480
9483
9484
9491
9492
9494
9495
9497
9500
9506
9507
9509
9510
9511
9512
9513
9515
9516
9517
9518
9519
9520
9521
9522
9532
9533
9538
9540
9541
9542
9545
9546
9549
9550
9552
9553
9554
9556
9557
9558
9560
9561
9562
9564
9566
9567
9568
9570
9571
9575
9578
9581
9582
9583
9584
9585
9586
9590
9592
9593
9595
9596
9597
9598
9600
9601
9602
9603
9608
9615
9616
9617
9619
9620
9621
9622
9623
9624
9625
9627
9631
9632
9633
9634
9635
9638
9640
9641
9642
9643
9644
9650
9651
9655
9659
9664
9665
9666
9669
9670
9672
9674
9675
9677
9678
9679
9681
9690
9692
9693
9695
9697
9698
9700
9701
9703
9705
9706
9707
9708
9712
9714
9715
9718
9719
9721
9723
9724
9727
9728
9729
9730
9731
9732
9734
9735
9736
9737
9738
9739
9740
9742
9748
9749
9751
9752
9754
9755
9756
9757
9758
9760
9761
9762
9763
9764
9765
9769
9771
9772
9773
9775
9776
9777
9779
9780
9781
9782
9786
9787
9788
9789
9790
9791
9792
9793
9794
9795
9797
9798
9799
9800
9801
9802
9803
9806
9811
9812
9813
9815
9817
9818
9819
9820
9823
9824
9826
9827
9828
9829
9830
9831
9833
9834
9835
9839
9845
9846
9847
9848
9852
9853
9854
9855
9856
9857
9859
9862
9863
9864
9865
9867
9868
9869
9876
9877
9881
9882
9883
9884
9888
9889
9890
9891
9892
9893
9897
9898
9899
9900
9901
9902
9903
9904
9905
9906
9908
9909
9910
9911
9915
9916
9917
9918
9919
9920
9924
9925
9926
9928
9930
9931
9933
9935
9944
9945
9946
9948
9949
9952
9953
9955
9956
9957
9958
9959
9960
9962
9963
9965
9967
9972
9976
9990
9991
9998
10002
10003
10006
10007
10009
10013
10018
10019
10021
10022
10023
10024
10025
10026
10031
10033
10038
10042
10043
10045
10046
10048
10049
10050
10052
10053
10055
10056
10058
10059
10060
10061
10065
10069
10070
10073
10074
10076
10077
10078
10079
10080
10082
10083
10086
10096
10100
10108
10109
10112
10113
10114
10115
10116
10117
10118
10119
10122
10125
10126
10127
10129
10134
10135
10137
10138
10141
10143
10144
10146
10147
10148
10149
10152
10153
10154
10155
10157
10158
10159
10160
10164
10165
10167
10168
10173
10174
10175
10181
10187
10188
10189
10190
10191
10192
10193
10194
10195
10198
10200
10201
10202
10203
10204
10205
10206
10209
10211
10212
10213
10214
10215
10216
10217
10218
10219
10220
10221
10222
10224
10229
10232
10234
10235
10239
10240
10241
10242
10243
10244
10245
10247
10249
10250
10254
10255
10256
10257
10258
10259
10260
10261
10264
10267
10268
10270
10272
10276
10277
10278
10280
10282
10283
10284
10285
10288
10290
10291
10292
10293
10294
10295
10296
10297
10299
10301
10302
10303
10305
10309
10310
10311
10312
10315
10316
10318
10319
10320
10321
10322
10323
10324
10325
10326
10333
10334
10335
10336
10338
10340
10341
10342
10345
10347
10352
10353
10356
10357
10358
10359
10360
10361
10365
10366
10368
10369
10370
10371
10375
10376
10379
10383
10384
10386
10390
10391
10392
10393
10394
10395
10401
10402
10405
10406
10407
10408
10409
10410
10413
10415
10417
10419
10420
10421
10422
10424
10425
10427
10429
10431
10432
10433
10434
10437
10438
10439
10440
10441
10442
10443
10445
10446
10447
10448
10449
10450
10451
10452
10456
10457
10467
10470
10475
10476
10477
10482
10483
10484
10487
10488
10489
10490
10491
10492
10494
10500
10501
10502
10503
10504
10505
10506
10507
10509
10510
10512
10513
10514
10515
10516
10517
10519
10523
10525
10526
10527
10528
10530
10531
10533
10534
10535
10537
10539
10541
10542
10544
10545
10546
10547
10548
10550
10560
10562
10565
10573
10577
10578
10580
10581
10582
10583
10584
10585
10590
10591
10596
10597
10599
10601
10605
10606
10607
10608
10609
10610
10614
10616
10617
10619
10622
10624
10625
10626
10627
10628
10629
10630
10631
10632
10633
10634
10637
10640
10642
10644
10645
10647
10648
10649
10654
10655
10656
10658
10660
10661
10663
10664
10665
10671
10672
10673
10674
10675
10680
10681
10682
10683
10684
10685
10686
10687
10688
10689
10693
10694
10695
10696
10697
10698
10699
10700
10701
10702
10706
10709
10711
10715
10721
10722
10723
10724
10731
10732
10734
10735
10736
10737
10738
10739
10741
10742
10743
10744
10750
10752
10754
10756
10758
10759
10762
10765
10767
10768
10769
10773
10774
10775
10778
10779
10780
10781
10782
10783
10785
10786
10787
10791
10792
10796
10797
10800
10801
10803
10804
10805
10806
10809
10813
10815
10816
10817
10818
10821
10824
10825
10826
10832
10833
10834
10837
10838
10839
10840
10841
10842
10843
10845
10846
10847
10848
10850
10851
10855
10856
10857
10861
10862
10864
10869
10871
10872
10874
10875
10877
10878
10879
10880
10882
10884
10886
10889
10890
10891
10896
10898
10900
10902
10903
10905
10906
10908
10909
10910
10911
10912
10913
10914
10915
10917
10918
10919
10920
10923
10924
10925
10931
10934
10936
10937
10938
10942
10943
10948
10949
10950
10951
10952
10955
10956
10961
10962
10963
10964
10965
10966
10968
10969
10970
10972
10973
10974
10975
10976
10977
10980
10983
10984
10985
10988
10989
10990
10991
10992
10993
10994
10998
11000
11003
11004
11006
11010
11011
11014
11016
11017
11018
11019
11022
11023
11024
11025
11026
11027
11031
11034
11035
11036
11037
11038
11039
11040
11041
11042
11043
11044
11045
11047
11048
11049
11050
11051
11052
11061
11062
11063
11064
11065
11067
11068
11071
11072
11073
11074
11075
11076
11077
11078
11090
11091
11093
11094
11095
11097
11098
11099
11100
11104
11111
11112
11115
11116
11117
11118
11119
11121
11124
11125
11126
11127
11128
11130
11132
11133
11142
11143
11146
11147
11148
11149
11152
11153
11154
11158
11160
11162
11166
11167
11168
11170
11178
11179
11180
11181
11182
11183
11184
11187
11188
11189
11191
11192
11193
11195
11196
11197
11199
11200
11201
11202
11203
11204
11207
11208
11209
11210
11211
11212
11213
11215
11217
11218
11219
11220
11221
11222
11225
11226
11227
11228
11230
11236
11237
11238
11239
11240
11241
11244
11246
11247
11249
11250
11251
11252
11255
11259
11263
11269
11270
11271
11274
11275
11276
11279
11284
11290
11291
11292
11293
11294
11295
11296
11297
11298
11299
11302
11305
11308
11310
11311
11312
11315
11316
11318
11319
11322
11324
11326
11327
11330
11331
11332
11334
11343
11344
11345
11347
11348
11349
11354
11361
11366
11368
11369
11371
11372
11374
11375
11377
11380
11382
11384
11386
11389
11393
11395
11396
11397
11399
11400
11401
11406
11407
11408
11409
11415
11420
11421
11422
11423
11424
11425
11426
11427
11431
11432
11433
11434
11435
11436
11437
11438
11441
11442
11445
11446
11448
11454
11455
11459
11460
11461
11463
11465
11470
11471
11472
11473
11474
11475
11476
11477
11479
11480
11481
11482
11483
11484
11485
11487
11488
11489
11490
11493
11496
11500
11501
11502
11503
11504
11505
11508
11513
11514
11515
11516
11517
11519
11520
11521
11523
11525
11526
11527
11529
11530
11531
11532
11533
11535
11537
11538
11540
11541
11542
11543
11544
11545
11546
11549
11550
11551
11552
11553
11554
11555
11556
11557
11558
11560
11561
11563
11565
11569
11570
11571
11572
11573
11574
11577
11578
11579
11580
11582
11584
11585
11594
11595
11596
11597
11603
11604
11608
11610
11613
11614
11616
11617
11618
11619
11627
11628
11629
11630
11631
11633
11634
11636
11637
11638
11639
11641
11642
11643
11644
11645
11646
11648
11650
11651
11652
11654
11660
11661
11663
11664
11667
11669
11670
11671
11672
11676
11677
11678
11680
11683
11686
11692
11693
11696
11697
11698
11699
11700
11701
11702
11703
11704
11706
11707
11708
11711
11712
11715
11717
11718
11719
11720
11721
11722
11726
11727
11728
11729
11730
11731
11732
11734
11736
11738
11739
11740
11743
11745
11748
11750
11752
11753
11754
11758
11759
11760
11763
11764
11766
11767
11768
11769
11770
11772
11777
11778
11779
11781
11782
11783
11784
11786
11787
11788
11791
11792
11796
11797
11801
11804
11812
11813
11814
11815
11816
11817
11822
11823
11830
11831
11834
11835
11836
11840
11848
11849
11853
11854
11861
11863
11867
11870
11871
11873
11874
11875
11877
11879
11881
11884
11885
11886
11887
11888
11889
11893
11894
11895
11896
11897
11902
11904
11906
11907
11908
11909
11911
11913
11916
11917
11918
11919
11920
11922
11936
11937
11939
11940
11941
11944
11946
11949
11950
11951
11952
11953
11954
11955
11963
11968
11973
11974
11976
11977
11978
11979
11982
11983
11989
11993
11994
11996
11997
11998
11999
12002
12003
12004
12005
12012
12015
12019
12020
12021
12022
12023
12024
12026
12031
12035
12036
12038
12039
12041
12042
12043
12044
12050
12051
12052
12053
12054
12055
12056
12057
12058
12059
12064
12065
12069
12070
12072
12073
12075
12076
12077
12085
12086
12087
12089
12091
12093
12094
12100
12101
12102
12103
12105
12106
12107
12108
12109
12110
12111
12112
12113
12114
12119
12121
12122
12126
12127
12129
12130
12131
12132
12133
12134
12135
12142
12144
12146
12147
12148
12149
12151
12152
12153
12161
12162
12163
12164
12165
12169
12171
12175
12177
12178
12179
12182
12183
12186
12188
12189
12190
12191
12192
12193
12194
12195
12197
12198
12200
12201
12202
12206
12207
12208
12209
12210
12213
12214
12220
12223
12224
12225
12226
12227
12228
12229
12230
12231
12234
12235
12237
12238
12239
12240
12241
12244
12246
12247
12248
12252
12254
12255
12258
12259
12260
12263
12264
12265
12270
12271
12272
12273
12276
12277
12281
12282
12284
12285
12286
12288
12290
12291
12292
12295
12297
12302
12303
12304
12305
12307
12308
12309
12310
12311
12312
12313
12314
12315
12317
12318
12320
12321
12322
12324
12325
12327
12328
12329
12330
12331
12333
12334
12335
12339
12340
12341
12342
12343
12344
12345
12346
12347
12348
12349
12352
12353
12354
12357
12358
12362
12365
12366
12368
12371
12372
12373
12374
12375
12380
12382
12384
12385
12389
12391
12395
12401
12406
12407
12408
12410
12413
12414
12415
12417
12420
12422
12424
12426
12427
12428
12429
12430
12431
12432
12434
12436
12437
12438
12439
12446
12449
12451
12452
12458
12459
12460
12461
12465
12467
12468
12471
12472
12473
12477
12480
12481
12483
12484
12485
12493
12500
12501
12503
12506
12508
12512
12513
12514
12515
12517
12520
12522
12523
12524
12525
12526
12528
12529
12530
12532
12533
12534
12535
12536
12537
12541
12542
12543
12544
12545
12546
12547
12550
12551
12553
12555
12559
12561
12562
12564
12565
12567
12574
12576
12577
12578
12579
12581
12582
12583
12584
12585
12586
12587
12590
12593
12594
12596
12602
12603
12604
12605
12611
12612
12614
12615
12623
12624
12626
12627
12628
12629
12630
12631
12632
12633
12634
12635
12636
12637
12638
12639
12641
12642
12643
12644
12646
12647
12648
12649
12652
12653
12662
12663
12664
12665
12667
12681
12682
12686
12687
12688
12689
12690
12692
12696
12700
12701
12703
12704
12705
12706
12707
12708
12709
12711
12712
12713
12718
12719
12720
12721
12722
12723
12724
12725
12727
12728
12729
12733
12735
12736
12739
12740
12742
12743
12744
12745
12749
12752
12753
12754
12755
12756
12758
12759
12766
12767
12771
12772
12773
12774
12775
12776
12777
12778
12779
12780
12781
12782
12783
12785
12786
12787
12788
12789
12792
12793
12794
12795
12796
12797
12800
12801
12807
12808
12811
12814
12817
12818
12819
12820
12821
12822
12823
12824
12825
12826
12828
12829
12830
12833
12834
12836
12837
12838
12843
12844
12845
12847
12849
12851
12852
12856
12857
12858
12859
12861
12862
12863
12864
12865
12866
12867
12869
12872
12874
12876
12881
12882
12883
12884
12885
12886
12887
12888
12889
12895
12898
12899
12900
12901
12902
12903
12904
12905
12911
12912
12913
12915
12917
12918
12919
12921
12924
12927
12928
12930
12931
12933
12934
12938
12939
12940
12941
12945
12947
12949
12950
12951
12954
12955
12956
12963
12964
12965
12966
12968
12970
12973
12975
12976
12977
12981
12982
12984
12986
12987
12988
12989
12990
12994
12995
12996
12999
13000
13001
13002
13003
13005
13007
13008
13011
13014
13015
13016
13017
13019
13020
13022
13023
13024
13026
13027
13029
13030
13031
13034
13035
13038
13039
13040
13042
13043
13049
13050
13051
13053
13055
13056
13060
13062
13063
13067
13068
13069
13072
13073
13075
13076
13077
13078
13079
13080
13081
13082
13086
13087
13088
13089
13091
13092
13095
13096
13097
13099
13101
13102
13106
13107
13109
13110
13113
13114
13115
13117
13118
13119
13120
13121
13123
13126
13127
13132
13133
13135
13136
13139
13140
13141
13142
13148
13151
13155
13158
13162
13163
13165
13168
13169
13171
13173
13174
13176
13177
13180
13183
13185
13191
13194
13199
13200
13202
13204
13205
13206
13208
13209
13211
13212
13213
13215
13216
13221
13223
13224
13227
13230
13233
13234
13236
13237
13239
13240
13243
13247
13248
13251
13253
13255
13256
13257
13258
13259
13260
13261
13262
13266
13267
13271
13273
13275
13278
13285
13286
13287
13291
13293
13294
13296
13297
13299
13302
13303
13307
13308
13309
13310
13322
13325
13326
13327
13329
13330
13335
13336
13338
13340
13341
13342
13343
13344
13345
13350
13351
13352
13356
13357
13358
13361
13362
13364
13367
13368
13369
13376
13377
13378
13379
13380
13381
13383
13384
13385
13388
13389
13391
13393
13394
13395
13396
13398
13399
13401
13403
13406
13407
13410
13411
13415
13416
13417
13418
13419
13423
13424
13426
13428
13429
13430
13432
13433
13435
13437
13438
13439
13440
13442
13446
13448
13449
13453
13460
13465
13467
13468
13469
13470
13471
13479
13482
13486
13487
13488
13489
13491
13493
13494
13496
13497
13498
13499
13500
13501
13502
13503
13504
13506
13507
13508
13509
13510
13511
13512
13513
13514
13515
13516
13520
13522
13524
13525
13526
13528
13530
13531
13532
13536
13539
13541
13543
13544
13545
13546
13547
13548
13549
13550
13551
13552
13553
13554
13558
13560
13563
13564
13565
13567
13569
13570
13571
13572
13573
13574
13575
13576
13577
13579
13582
13583
13584
13586
13587
13588
13590
13591
13593
13594
13601
13605
13606
13607
13608
13612
13613
13615
13617
13620
13621
13622
13623
13626
13627
13628
13629
13630
13631
13632
13633
13634
13635
13636
13643
13645
13653
13654
13656
13657
13659
13660
13668
13670
13671
13672
13674
13676
13677
13678
13679
13681
13683
13685
13686
13690
13691
13692
13693
13694
13695
13696
13697
13698
13701
13702
13703
13707
13709
13711
13712
13713
13714
13715
13716
13717
13718
13719
13720
13721
13722
13723
13724
13725
13726
13727
13728
13729
13730
13731
13732
13735
13741
13742
13743
13744
13745
13748
13749
13754
13757
13765
13768
13773
13774
13775
13781
13784
13785
13788
13789
13791
13792
13798
13799
13802
13805
13806
13808
13823
13824
13831
13832
13834
13835
13839
13841
13842
13846
13847
13848
13851
13852
13855
13856
13857
13858
13859
13860
13863
13864
13865
13866
13867
13871
13875
13876
13877
13879
13880
13881
13882
13883
13884
13885
13886
13887
13888
13889
13890
13891
13893
13896
13897
13898
13899
13900
13901
13905
13906
13915
13917
13918
13920
13923
13926
13927
13928
13929
13931
13932
13933
13938
13939
13940
13942
13943
13953
13955
13957
13960
13962
13964
13965
13966
13967
13969
13972
13973
13974
13976
13979
13980
13981
13984
13986
13987
13989
13990
13991
13992
13996
13997
13998
13999
14000
14001
14002
14003
14004
14005
14010
14014
14015
14021
14022
14023
14025
14026
14028
14029
14030
14031
14032
14033
14035
14038
14039
14042
14044
14045
14046
14047
14048
14050
14051
14052
14053
14055
14056
14058
14059
14060
14061
14063
14068
14069
14072
14074
14075
14077
14078
14079
14083
14087
14088
14089
14090
14091
14093
14094
14095
14096
14099
14102
14107
14111
14118
14119
14120
14122
14123
14125
14130
14131
14133
14136
14137
14138
14139
14140
14142
14144
14146
14147
14148
14149
14150
14152
14153
14154
14155
14156
14157
14158
14162
14163
14166
14167
14174
14175
14176
14177
14180
14181
14182
14183
14185
14187
14191
14192
14204
14210
14219
14220
14221
14226
14230
14232
14234
14236
14237
14238
14240
14241
14242
14244
14254
14255
14257
14259
14260
14261
14262
14263
14264
14265
14266
14267
14269
14270
14273
14274
14275
14276
14279
14280
14281
14282
14283
14284
14285
14286
14287
14288
14289
14293
14294
14295
14297
14298
14299
14300
14305
14306
14309
14313
14315
14318
14319
14320
14321
14322
14323
14324
14325
14326
14331
14332
14333
14336
14338
14340
14342
14343
14347
14349
14353
14354
14355
14368
14369
14370
14371
14372
14373
14374
14375
14376
14377
14379
14384
14389
14390
14391
14392
14393
14394
14395
14396
14397
14398
14400
14403
14404
14406
14407
14408
14409
14410
14415
14416
14418
14419
14420
14421
14422
14423
14424
14425
14426
14429
14430
14435
14440
14441
14442
14444
14445
14446
14447
14448
14449
14450
14451
14452
14454
14455
14456
14457
14458
14459
14460
14462
14463
14464
14465
14466
14467
14468
14470
14472
14473
14474
14476
14477
14480
14483
14484
14485
14489
14497
14501
14504
14505
14511
14512
14513
14515
14526
14527
14528
14529
14530
14536
14538
14539
14541
14542
14546
14548
14550
14553
14554
14555
14556
14557
14558
14559
14569
14570
14574
14575
14579
14582
14587
14590
14593
14594
14595
14600
14601
14611
14613
14615
14617
14618
14620
14628
14630
14631
14633
14636
14637
14638
14639
14640
14641
14642
14644
14645
14646
14649
14650
14651
14654
14655
14659
14660
14661
14663
14666
14667
14668
14669
14670
14673
14675
14676
14678
14682
14685
14686
14688
14689
14692
14693
14694
14696
14698
14699
14700
14701
14702
14712
14713
14714
14715
14718
14721
14726
14728
14730
14731
14732
14733
14734
14735
14736
14738
14739
14743
14744
14745
14746
14747
14748
14750
14753
14755
14756
14758
14759
14761
14763
14764
14769
14770
14771
14772
14774
14775
14776
14777
14778
14779
14780
14782
14783
14784
14785
14786
14790
14794
14795
14799
14804
14805
14806
14808
14809
14810
14814
14815
14816
14818
14821
14822
14823
14825
14826
14827
14829
14830
14831
14832
14833
14835
14836
14839
14840
14842
14845
14846
14847
14848
14852
14853
14854
14856
14858
14860
14861
14865
14871
14872
14873
14874
14875
14877
14878
14879
14881
14885
14888
14891
14892
14893
14894
14896
14897
14898
14899
14900
14901
14902
14904
14906
14911
14912
14915
14916
14920
14921
14922
14923
14927
14928
14930
14931
14932
14933
14935
14936
14937
14938
14939
14943
14946
14947
14948
14951
14953
14957
14958
14959
14960
14961
14966
14968
14972
14973
14974
14975
14978
14979
14980
14981
14984
14985
14986
14987
14988
14989
14990
14992
14993
14996
14997
15001
15003
15004
15005
15007
15008
15009
15010
15011
15015
15016
15017
15018
15019
15022
15023
15027
15028
15029
15031
15034
15035
15036
15041
15042
15043
15045
15047
15048
15049
15051
15052
15053
15054
15055
15056
15057
15058
15059
15061
15063
15066
15067
15068
15069
15070
15071
15073
15074
15077
15078
15079
15080
15085
15086
15087
15093
15094
15098
15105
15106
15116
15119
15120
15121
15124
15125
15126
15127
15128
15130
15138
15139
15140
15141
15143
15144
15146
15147
15148
15149
15150
15151
15153
15155
15156
15157
15160
15161
15163
15167
15168
15169
15173
15174
15178
15179
15180
15181
15182
15184
15185
15187
15190
15192
15194
15196
15198
15199
15204
15205
15207
15208
15215
15216
15219
15220
15221
15222
15223
15229
15230
15240
15241
15244
15245
15246
15247
15251
15252
15253
15256
15258
15260
15261
15264
15267
15268
15269
15272
15273
15274
15276
15277
15278
15280
15281
15282
15284
15287
15288
15289
15294
15300
15301
15302
15303
15304
15305
15306
15307
15308
15309
15310
15315
15316
15320
15321
15322
15324
15330
15331
15332
15335
15336
15337
15339
15340
15342
15347
15350
15358
15360
15362
15363
15366
15369
15371
15372
15373
15374
15375
15376
15377
15380
15382
15383
15385
15386
15388
15389
15390
15391
15400
15403
15409
15412
15417
15421
15422
15423
15424
15425
15428
15430
15433
15435
15437
15439
15440
15446
15447
15450
15453
15454
15455
15456
15457
15458
15459
15468
15469
15471
15472
15479
15480
15481
15482
15483
15484
15485
15488
15489
15490
15491
15492
15493
15496
15497
15498
15499
15500
15501
15506
15513
15516
15517
15520
15521
15522
15523
15524
15527
15528
15529
15532
15533
15535
15536
15537
15538
15539
15542
15543
15546
15547
15548
15549
15551
15552
15553
15554
15555
15559
15560
15562
15566
15567
15568
15570
15571
15572
15573
15574
15575
15576
15579
15580
15581
15582
15583
15586
15587
15588
15589
15591
15592
15596
15597
15598
15606
15607
15609
15610
15611
15615
15617
15618
15619
15620
15621
15622
15624
15625
15626
15627
15630
15631
15632
15633
15634
15635
15636
15638
15640
15641
15642
15644
15645
15647
15649
15650
15651
15653
15656
15657
15658
15660
15661
15662
15663
15665
15666
15667
15668
15669
15670
15671
15672
15673
15675
15677
15679
15680
15681
15682
15683
15684
15685
15686
15687
15688
15689
15690
15691
15693
15695
15696
15697
15698
15699
15701
15702
15703
15705
15707
15709
15716
15720
15721
15722
15724
15727
15729
15731
15732
15733
15734
15739
15744
15747
15748
15752
15753
15754
15755
15757
15758
15759
15762
15763
15765
15768
15769
15770
15771
15772
15774
15775
15778
15779
15780
15784
15785
15787
15788
15789
15790
15794
15795
15796
15797
15798
15808
15809
15811
15812
15813
15814
15815
15818
15819
15820
15821
15823
15824
15825
15826
15835
15844
15845
15846
15847
15851
15854
15855
15856
15859
15860
15861
15862
15864
15866
15871
15873
15876
15877
15878
15879
15880
15882
15884
15887
15889
15892
15893
15894
15896
15897
15898
15899
15902
15903
15904
15905
15908
15909
15914
15916
15922
15923
15926
15927
15930
15932
15936
15939
15940
15944
15945
15948
15949
15950
15955
15958
15959
15960
15961
15962
15964
15965
15966
15967
15968
15969
15971
15973
15974
15976
15977
15980
15983
15984
15985
15986
15989
15991
15992
15994
16002
16003
16004
16005
16007
16008
16009
16010
16011
16013
16014
16015
16016
16017
16018
16021
16022
16023
16025
16026
16027
16028
16029
16030
16032
16033
16034
16035
16038
16039
16040
16042
16043
16044
16045
16046
16047
16049
16051
16053
16054
16055
16056
16057
16058
16063
16064
16066
16067
16071
16072
16073
16078
16079
16080
16083
16084
16085
16086
16087
16088
16091
16092
16093
16094
16095
16096
16097
16098
16099
16101
16104
16105
16106
16107
16108
16121
16126
16127
16132
16133
16134
16137
16138
16139
16140
16141
16143
16144
16145
16146
16147
16148
16149
16150
16153
16156
16158
16161
16165
16168
16169
16171
16173
16175
16178
16185
16186
16188
16191
16193
16195
16196
16201
16202
16205
16206
16207
16212
16213
16216
16217
16218
16219
16220
16221
16222
16223
16224
16225
16227
16228
16229
16230
16231
16232
16233
16234
16235
16236
16237
16238
16239
16240
16241
16242
16243
16245
16246
16247
16248
16249
16250
16251
16252
16253
16254
16255
16256
16257
16258
16259
16260
16267
16268
16270
16272
16273
16274
16275
16277
16279
16282
16283
16284
16285
16286
16287
16288
16289
16294
16295
16296
16297
16298
16299
16300
16301
16302
16303
16304
16305
16308
16309
16311
16312
16313
16314
16315
16318
16319
16320
16321
16322
16324
16325
16326
16327
16328
16329
16330
16341
16342
16343
16344
16345
16346
16351
16352
16353
16355
16356
16357
16358
16361
16364
16365
16366
16367
16370
16371
16373
16374
16381
16382
16383
16384
16385
16387
16388
16392
16397
16400
16402
16403
16409
16412
16415
16417
16418
16419
16420
16421
16422
16423
16429
16443
16446
16449
16452
16453
16454
16455
16458
16461
16463
16464
16467
16468
16469
16472
16473
16474
16477
16478
16481
16482
16483
16495
16497
16500
16501
16502
16503
16504
16505
16506
16507
16508
16509
16510
16511
16512
16513
16514
16515
16516
16517
16518
16519
16520
16521
16522
16525
16527
16528
16529
16530
16531
16532
16533
16534
16535
16536
16537
16539
16542
16543
16544
16545
16546
16548
16549
16550
16551
16552
16553
16554
16555
16556
16557
16558
16560
16561
16562
16564
16565
16566
16567
16568
16569
16570
16571
16572
16573
16574
16575
16576
16577
16578
16579
16580
16581
16582
16583
16584
16585
16586
16587
16588
16589
16590
16591
16592
16594
16595
16596
16597
16598
16599
16600
16601
16602
16603
16604
16605
16606
16607
16608
16609
16610
16611
16612
16613
16614
16616
16617
16618
16619
16620
16621
16622
16624
16625
16626
16627
16628
16629
16630
16631
16632
16633
16634
16635
16636
16637
16638
16639
16640
16641
16642
16643
16644
16645
16646
16647
16648
16649
16650
16651
16652
16653
16654
16655
16656
16657
16658
16659
16660
16661
16662
16663
16665
16669
16674
16675
16676
16677
16678
16683
16685
16686
16688
16689
16693
16695
16696
16698
16700
16701
16702
16703
16705
16706
16707
16708
16709
16710
16711
16712
16713
16714
16715
16717
16719
16721
16722
16725
16727
16728
16729
16731
16740
16741
16745
16747
16749
16750
16752
16753
16755
16756
16759
16760
16761
16763
16768
16769
16770
16771
16772
16775
16776
16777
16779
16780
16781
16782
16783
16784
16787
16788
16790
16791
16793
16794
16795
16796
16797
16805
16806
16812
16818
16820
16821
16822
16823
16824
16828
16829
16830
16832
16833
16836
16837
16838
16840
16841
16842
16843
16844
16845
16846
16847
16848
16850
16852
16855
16856
16859
16862
16863
16865
16866
16868
16870
16872
16873
16876
16877
16878
16879
16881
16882
16884
16885
16887
16888
16891
16892
16893
16895
16896
16898
16899
16900
16901
16902
16903
16904
16905
16906
16907
16908
16909
16910
16911
16912
16913
16914
16915
16917
16918
16919
16920
16921
16922
16923
16924
16925
16926
16927
16928
16931
16932
16933
16935
16936
16937
16938
16940
16941
16943
16944
16945
16947
16948
16949
16950
16951
16954
16956
16957
16958
16959
16960
16963
16964
16965
16966
16968
16969
16970
16971
16972
16974
16975
16976
16977
16979
16980
16981
16982
16983
16984
16985
16986
16987
16988
16989
16990
16991
16992
16993
16994
16995
16996
16997
16998
16999
17000
17001
17002
17003
17004
17005
17006
17007
17009
17010
17011
17012
17013
17014
17015
17016
17017
17018
17019
17021
17022
17023
17025
17026
17027
17028
17029
17030
17031
17032
17033
17035
17037
17039
17040
17041
17043
17045
17046
17047
17048
17049
17050
17051
17052
17053
17054
17055
17057
17058
17059
17064
17066
17067
17068
17069
17070
17071
17072
17073
17074
17076
17078
17079
17080
17081
17082
17083
17084
17085
17086
17087
17088
17089
17090
17091
17094
17095
17096
17099
17103
17109
17110
17111
17112
17113
17114
17115
17116
17117
17118
17120
17121
17122
17123
17124
17125
17126
17127
17128
17129
17130
17131
17132
17133
17135
17136
17137
17138
17139
17140
17141
17142
17145
17146
17147
17148
17149
17150
17151
17152
17154
17158
17160
17162
17164
17166
17167
17168
17170
17173
17174
17175
17177
17178
17179
17180
17181
17182
17183
17184
17185
17186
17187
17188
17189
17190
17191
17192
17193
17195
17196
17197
17198
17199
17200
17201
17202
17203
17205
17206
17207
17209
17210
17211
17212
17214
17217
17219
17220
17221
17222
17223
17224
17225
17226
17227
17230
17231
17234
17235
17236
17237
17238
17239
17240
17241
17242
17243
17244
17245
17246
17247
17248
17249
17250
17251
17252
17253
17254
17255
17256
17258
17259
17260
17262
17263
17264
17265
17266
17268
17269
17270
17271
17272
17273
17274
17275
17276
17277
17278
17280
17281
17283
17284
17285
17286
17288
17289
17290
17291
17292
17293
17295
17296
17297
17298
17299
17300
17301
17303
17304
17305
17306
17309
17310
17311
17312
17313
17314
17315
17316
17317
17318
17319
17320
17321
17322
17323
17326
17327
17328
17329
17330
17331
17332
17333
17334
17335
17336
17337
17339
17340
17342
17343
17344
17345
17346
17347
17349
17350
17351
17352
17353
17354
17355
17359
17361
17367
17375
17376
17378
17380
17381
17382
17383
17384
17387
17388
17389
17391
17392
17394
17395
17396
17397
17398
17399
17400
17401
17402
17403
17404
17405
17407
17408
17409
17410
17411
17413
17414
17415
17416
17417
17418
17419
17420
17421
17422
17423
17424
17425
17426
17427
17429
17430
17431
17432
17433
17434
17435
17436
17437
17442
17443
17444
17446
17447
17448
17449
17450
17468
17473
17475
17477
17478
17482
17483
17484
17486
17487
17488
17489
17490
17492
17493
17494
17496
17497
17498
17499
17500
17501
17502
17503
17504
17505
17506
17507
17509
17510
17511
17512
17513
17514
17515
17516
17518
17519
17520
17521
17523
17526
17528
17529
17530
17531
17532
17533
17537
17538
17539
17546
17549
17559
17562
17563
17564
17573
17575
17577
17578
17579
17580
17582
17584
17585
17586
17587
17588
17589
17590
17592
17593
17594
17596
17597
17598
17600
17601
17603
17604
17605
17606
17607
17608
17609
17610
17611
17612
17613
17614
17615
17616
17617
17618
17620
17622
17623
17624
17625
17626
17628
17629
17630
17631
17634
17635
17636
17637
17638
17639
17640
17644
17646
17647
17648
17649
17650
17651
17654
17655
17656
17657
17658
17662
17664
17665
17666
17670
17671
17673
17674
17675
17676
17677
17679
17680
17681
17682
17687
17689
17691
17692
17694
17695
17696
17698
17701
17702
17703
17704
17705
17706
17707
17708
17709
17710
17712
17713
17716
17717
17718
17719
17720
17722
17723
17724
17725
17726
17728
17729
17731
17732
17733
17734
17736
17737
17741
17746
17755
17760
17766
17771
17777
17778
17779
17782
17788
17792
17801
17802
17808
17811
17822
17826
17829
17830
17831
17832
17833
17835
17836
17837
17838
17850
17852
17853
17856
17870
17882
17885
17887
17891
17893
17895
17897
17906
17910
17913
17914
17916
17922
17924
17931
17935
17937
17941
17943
17946
17951
17961
17962
17963
17964
17965
17966
17969
17973
17974
17976
17978
17979
17980
17982
17983
17984
17985
17988
17989
17990
17992
17993
17994
17998
17999
18000
18001
18003
18004
18005
18007
18008
18010
18011
18012
18013
18014
18015
18016
18017
18020
18021
18024
18028
18031
18032
18034
18035
18036
18037
18038
18039
18042
18046
18047
18052
18053
18054
18055
18057
18058
18059
18061
18063
18064
18065
18066
18067
18068
18071
18072
18073
18074
18079
18081
18083
18084
18085
18086
18088
18091
18093
18094
18097
18098
18099
18100
18101
18102
18103
18104
18105
18107
18109
18111
18112
18113
18114
18115
18117
18119
18120
18121
18122
18123
18124
18125
18127
18128
18131
18132
18136
18137
18138
18140
18141
18145
18146
18149
18150
18154
18155
18157
18158
18159
18160
18161
18162
18163
18164
18166
18167
18173
18175
18176
18177
18178
18179
18180
18183
18185
18187
18188
18189
18190
18191
18192
18193
18194
18195
18196
18198
18199
18200
18201
18203
18205
18207
18208
18210
18211
18212
18213
18215
18217
18218
18219
18220
18222
18224
18225
18230
18231
18235
18236
18238
18240
18242
18243
18244
18245
18247
18248
18249
18251
18253
18257
18259
18260
18261
18263
18265
18266
18267
18268
18269
18270
18271
18272
18273
18277
18278
18279
18280
18282
18283
18284
18285
18288
18291
18292
18294
18295
18297
18299
18302
18303
18310
18311
18312
18313
18315
18316
18319
18320
18331
18334
18335
18336
18337
18338
18339
18340
18344
18345
18346
18347
18348
18349
18350
18353
18354
18355
18358
18359
18360
18362
18369
18374
18375
18376
18377
18378
18381
18383
18384
18385
18386
18387
18388
18389
18390
18392
18393
18394
18395
18396
18397
18398
18399
18400
18401
18402
18403
18404
18405
18406
18408
18409
18411
18413
18414
18417
18418
18419
18420
18421
18422
18423
18424
18427
18428
18429
18432
18433
18434
18437
18438
18439
18440
18442
18444
18445
18446
18449
18452
18453
18455
18456
18457
18458
18459
18460
18463
18464
18465
18466
18468
18472
18473
18474
18475
18476
18477
18480
18483
18485
18486
18487
18495
18496
18497
18498
18499
18500
18501
18502
18504
18505
18506
18507
18508
18510
18511
18512
18514
18515
18516
18518
18519
18520
18523
18524
18525
18530
18534
18537
18538
18539
18542
18545
18546
18548
18551
18552
18553
18554
18555
18556
18558
18559
18562
18563
18564
18565
18566
18567
18571
18572
18573
18574
18577
18578
18579
18581
18585
18586
18587
18588
18589
18594
18595
18596
18597
18598
18599
18600
18602
18603
18604
18605
18606
18610
18616
18618
18619
18620
18621
18627
18628
18632
18633
18634
18636
18637
18638
18641
18642
18644
18645
18647
18648
18651
18652
18654
18655
18657
18658
18659
18660
18661
18662
18663
18664
18666
18667
18668
18670
18671
18672
18673
18674
18675
18677
18679
18680
18681
18682
18685
18686
18687
18688
18691
18692
18693
18694
18695
18697
18699
18700
18705
18706
18708
18709
18710
18711
18712
18713
18716
18717
18720
18723
18727
18729
18731
18733
18734
18736
18738
18739
18741
18742
18747
18751
18752
18754
18755
18756
18757
18758
18760
18761
18762
18767
18768
18769
18770
18771
18774
18775
18776
18777
18778
18779
18781
18782
18783
18784
18786
18788
18789
18790
18791
18792
18793
18794
18797
18799
18800
18801
18803
18804
18806
18807
18808
18809
18811
18812
18813
18814
18817
18818
18819
18820
18821
18828
18829
18830
18831
18832
18833
18834
18835
18836
18837
18846
18848
18849
18850
18851
18852
18853
18854
18856
18857
18858
18859
18860
18861
18862
18863
18864
18865
18866
18867
18871
18873
18877
18878
18879
18881
18882
18883
18884
18885
18886
18887
18888
18889
18890
18891
18893
18894
18895
18896
18897
18898
18899
18900
18901
18902
18903
18904
18905
18906
18907
18908
18909
18910
18911
18912
18913
18914
18915
18917
18918
18919
18920
18921
18922
18929
18931
18932
18933
18935
18936
18937
18940
18945
18948
18949
18950
18953
18954
18957
18958
18959
18960
18965
18966
18968
18970
18972
18973
18974
18975
18977
18981
18982
18983
18985
18986
18987
18988
18990
18991
18992
18993
18994
18995
18996
18997
18998
18999
19000
19001
19002
19003
19004
19005
19006
19007
19008
19009
19010
19011
19012
19013
19014
19015
19016
19017
19018
19020
19021
19022
19023
19024
19025
19026
19027
19028
19029
19030
19031
19032
19034
19035
19036
19037
19038
19039
19040
19041
19043
19048
19065
19070
19071
19072
19073
19074
19075
19077
19079
19080
19081
19082
19083
19084
19085
19086
19087
19088
19089
19090
19091
19092
19093
19094
19095
19097
19098
19099
19100
19101
19102
19104
19108
19109
19110
19111
19114
19115
19116
19117
19119
19120
19124
19131
19136
19137
19138
19143
19144
19145
19146
19148
19149
19150
19152
19153
19154
19155
19157
19158
19159
19160
19161
19162
19163
19166
19167
19168
19169
19170
19171
19174
19175
19176
19177
19178
19179
19180
19181
19182
19183
19184
19185
19188
19191
19192
19193
19194
19196
19198
19199
19202
19203
19204
19205
19206
19207
19208
19209
19210
19211
19212
19213
19214
19215
19216
19217
19219
19220
19221
19223
19224
19225
19226
19227
19228
19229
19230
19234
19235
19236
19237
19239
19240
19241
19242
19243
19244
19245
19247
19248
19249
19250
19251
19252
19253
19254
19255
19256
19257
19258
19259
19260
19265
19273
19274
19279
19280
19281
19283
19284
19286
19287
19288
19289
19290
19291
19293
19294
19295
19296
19297
19298
19299
19300
19301
19302
19303
19304
19306
19307
19308
19310
19311
19312
19313
19314
19315
19317
19318
19319
19320
19321
19322
19323
19324
19325
19326
19328
19329
19330
19331
19332
19334
19335
19337
19338
19339
19340
19341
19342
19343
19344
19345
19346
19347
19348
19349
19350
19351
19353
19354
19355
19356
19357
19358
19359
19360
19361
19362
19363
19364
19365
19366
19367
19368
19369
19370
19371
19372
19373
19374
19375
19376
19377
19378
19379
19380
19381
19382
19383
19384
19385
19386
19387
19388
19389
19390
19391
19392
19393
19394
19395
19396
19397
19398
19399
19402
19403
19405
19408
19411
19412
19413
19414
19415
19416
19417
19418
19419
19420
19421
19422
19423
19424
19425
19426
19427
19428
19429
19430
19431
19433
19434
19435
19436
19437
19438
19439
19440
19441
19443
19444
19446
19455
19458
19459
19461
19462
19468
19473
19485
19492
19495
19502
19505
19540
19542
19543
19544
19545
19546
19547
19548
19550
19557
19564
19566
19567
19569
19574
19575
19576
19578
19579
19580
19581
19582
19583
19584
19585
19586
19587
19588
19589
19590
19591
19592
19593
19594
19595
19596
19597
19598
19599
19600
19601
19602
19603
19604
19605
19606
19607
19608
19609
19610
19611
19612
19613
19614
19616
19657
19658
19659
19660
19662
19664
19665
19666
19667
19668
19671
19672
19673
19674
19675
19676
19678
19679
19682
19683
19684
19686
19687
19688
19689
19690
19691
19692
19693
19695
19696
19697
19698
19699
19701
19702
19706
19707
19708
19710
19711
19712
19713
19715
19717
19718
19719
19721
19722
19723
19724
19725
19726
19727
19728
19729
19730
19732
19734
19735
19736
19737
19738
19739
19740
19741
19742
19743
19744
19745
19746
19747
19748
19749
19750
19751
19752
19753
19754
19755
19756
19757
19758
19759
19760
19761
19762
19763
19764
19765
19766
19767
19769
19770
19771
19772
19773
19774
19775
19776
19777
19778
19779
19780
19781
19782
19783
19784
19785
19786
19787
19788
19789
19790
19791
19792
19793
19794
19797
19798
19799
19800
19801
19802
19804
19805
19806
19808
19809
19810
19811
19812
19813
19814
19815
19817
19818
19819
19820
19821
19822
19823
19824
19825
19826
19827
19828
19829
19830
19831
19832
19833
19834
19835
19836
19838
19840
19841
19842
19843
19845
19846
19847
19848
19849
19850
19851
19852
19853
19854
19855
19856
19857
19858
19859
19860
19861
19862
19863
19864
19865
19866
19867
19868
19869
19870
19871
19872
19873
19875
19876
19877
19878
19880
19881
19882
19883
19884
19885
19886
19887
19888
19889
19890
19891
19892
19893
19894
19895
19896
19898
19899
19902
19903
19904
19905
19907
19909
19910
19911
19912
19913
19914
19915
19916
19917
19918
19919
19920
19922
19923
19924
19925
19926
19927
19928
19930
19931
19933
19934
19937
19939
19940
19941
19945
19946
19947
19948
19949
19950
19951
19953
19954
19955
19956
19972
19981
19989
20002
20009
20027
20044
20059
20071
20077
20089
20090
20091
20093
20094
20095
20096
20097
20099
20101
20103
20104
20112
20113
20114
20115
20116
20117
20118
20119
20120
20121
20122
20123
20124
20125
20126
20127
20128
20129
20130
20131
20132
20133
20134
20135
20136
20147
20148
20150
20162
20166
20167
20168
20169
20177
20178
20179
20180
20181
20182
20183
20184
20185
20186
20187
20188
20189
20190
20191
20192
20193
20194
20195
20196
20197
20198
20199
20200
20201
20202
20203
20204
20205
20206
20208
20209
20210
20211
20212
20213
20215
20216
20217
20218
20219
20220
20221
20222
20223
20224
20225
20226
20227
20228
20229
20230
20231
20232
20233
20234
20235
20236
20238
20239
20240
20241
20242
20243
20244
20246
20247
20248
20249
20250
20251
20252
20257
20258
20259
20260
20261
20264
20266
20269
20279
20280
20284
20285
20287
20288
20291
20292
20295
20297
20298
20301
20302
20303
20304
20305
20306
20307
20308
20309
20310
20311
20312
20313
20314
20315
20316
20317
20318
20319
20320
20321
20322
20323
20324
20325
20328
20329
20330
20334
20335
20339
20340
20346
20354
20403
20404
20412
